4619.153169142586
4443.742004212216
4342.520466273015
4309.518998681871
4178.272370250652
4075.673809322822
4074.9331282856656
4057.444515948431
4029.773939069039
3960.978793177262
3929.2235874279286
3915.055299737157
3899.7848658611924
3850.455167898985
3850.455167898985
3827.826276099792
3825.523232186677
3803.82189383257
3785.3356522242516
3770.595974113376
3759.9214087531136
3751.300974328773
3721.765978671953
3711.7080973589505
3702.0942721654187
3685.3767785668806
3673.2507401482953
3654.9292742815146
3642.601680118209
3613.4436483775416
3613.4436483775416
3603.34414121105
3587.7281112146725
3587.63362120493
3548.4738973254402
3539.514232207578
3522.1029229708774
3516.5214345998234
3513.5796561341826
3503.439881031213
3488.045871258003
3479.746398805522
3458.5252637504327
3458.5252637504327
3444.5411886055304
3441.85371565963
3432.4044050781663
3430.6758809307535
3414.457497172867
3402.848365707764
3402.848365707764
3388.761868293492
3377.1798886052843
3376.0235484960704
3328.9258027177475
3327.1100071984397
3325.5649144167974
3317.411792346558
3314.7333226068126
3298.4623690440976
3289.2900449793115
3289.2900449793115
3271.7466283317235
3269.55501559463
3257.4933614667584
3257.4933614667584
3234.135896959186
3205.8056709663483
3197.9272974850446
3181.883561665951
3176.078242109284
3169.6387806814832
3169.6387806814832
3161.9675836415527
3159.435550853981
3153.4733231787454
3152.661732568212
3142.832003146207
3140.7696508976906
3113.4074580754764
3082.18623707264
3057.4018381625924
3053.5715154553036
3053.5715154553036
3049.845241975402
3045.7140377914666
3033.568525680605
3014.4201764186755
3012.7746347843545
3011.7348820903876
3004.3313732010324
3003.28903037986
2981.0714516763933
2980.333202848299
2968.1871571718652
2965.808490108557
2944.9064501270664
2944.9064501270664
2941.330481261839
2941.330481261839
2938.8099632334174
2935.747775269531
2935.6133941648377
2930.682343755461
2898.4940917655845
2898.038647085301
2894.8844536526844
2888.5882364920067
2888.150446219864
2867.41590983938
2864.9705059563876
2857.489282569578
2854.618538439068
2843.473052448361
2839.75896864505
2839.75896864505
2835.71172723886
2834.4925471766546
2811.8958017679106
2811.8958017679106
2798.715776923409
2794.375780026731
2794.375780026731
2793.2837306653973
2791.2907408580713
2790.5019261774396
2783.8618859419016
2778.4049380894785
2775.140717152916
2772.203095013062
2762.3517154772308
2753.3975375887876
2753.3975375887876
2671.05391184828
2668.8055380637984
2668.8055380637984
2659.470624015238
2651.8197525472956
2651.8197525472956
2651.8197525472956
2649.2402684543354
2647.982250695801
2610.962083217602
2610.6269361975105
2562.703260231274
2562.703260231274
2519.9015853798737
2517.951746956244
2513.9029416427356
2499.278295828618
2483.0191300108827
2482.240923037085
2482.240923037085
2463.996956166951
2458.7458185017827
2455.2989634665673
2450.898814720836
2450.898814720836
2442.003480751
2424.559753852233
2424.1990429830635
2404.580836653241
2404.580836653241
2375.13620662058
2375.13620662058
2373.254516481534
2373.254516481534
2368.917263223855
2368.917263223855
2353.5322389973758
2353.5322389973758
2352.7628439772675
2324.3306563395836
2324.3306563395836
2322.7541841529423
2318.827936695606
2318.827936695606
2313.9777440589182
2313.9777440589182
2309.5545024960984
2279.799552592289
2278.5142088650664
2278.5142088650664
2270.5787808398104
2270.5787808398104
2269.375244423011
2191.055909829779
2191.055909829779
2188.2531846200977
2188.2120555375795
2186.7830253593975
2186.525783063168
2183.7229677777354
2183.7229677777354
2175.3149197300145
2175.3149197300145
2174.390259360081
2170.6390764012335
2166.5490993743947
2166.4050867739393
2146.586592709458
2142.8728380377593
2141.5284261480165
2139.8806041459416
2139.8806041459416
2139.269034039431
2135.1262257768276
2133.4104152740983
2129.8037468273924
2129.8037468273924
2128.6963146489447
2115.5892796098206
2080.6532627999313
2078.998075997186
2072.097005451241
2061.859597547806
2060.91290451586
2056.9640249649483
2056.0552035390488
2055.6933137022165
2049.824138798253
2047.2723316647446
2045.9193532492916
2044.2448483486512
2044.2448483486512
2034.4004030672036
2022.84650925373
2012.97640323974
2004.0251994423622
2003.349195722004
2001.770716141087
1985.997230612369
1975.4812071999065
1974.7850515942234
1973.1941110797995
1952.3721469023267
1951.5501530834406
1948.7424149948602
1948.52123416708
1947.7122477409234
1947.076269692587
1946.2438182303881
1940.5081808639716
1938.7070433667898
1938.4246180855216
1935.5301599303484
1935.5301599303484
1933.4608865968817
1931.4023402698879
1930.3191445975974
1922.1820933511997
1921.6029766837894
1920.868813844402
1920.868813844402
1917.9614177558421
1914.0903844907639
1913.6086329236707
1912.7414880218394
1908.1493652227543
1908.1493652227543
1906.2418524416046
1905.7717596816258
1902.8163337537335
1902.3779855748962
1901.4299881930967
1901.4299881930967
1901.0620715799892
1900.9644920408166
1899.620225202922
1896.8020455492976
1896.5415893146135
1893.832093930188
1892.238357078727
1890.0666654909292
1887.4355618139657
1879.0010643956539
1879.0010643956539
1872.530106567048
1871.387186020039
1868.2791547303632
1867.793082758366
1866.0913696815599
1860.3045449603137
1859.1640594632847
1859.1640594632847
1857.6678928161514
1857.0694655828036
1854.1084110698598
1854.1084110698598
1852.4823885802532
1852.4823885802532
1852.4823885802532
1849.2912155742265
1849.2912155742265
1835.1495851837255
1832.4783764072088
1832.214779986233
1827.5311214860337
1827.5311214860337
1826.6403586913325
1823.5377703793251
1823.5377703793251
1823.5377703793251
1823.3724249313414
1822.8944017687913
1822.6689222126986
1819.2080694631936
1816.8335091581728
1816.5734226834873
1814.4145061148513
1814.3874999569414
1813.5280532707511
1813.4781498545826
1812.8560339971843
1812.8560339971843
1811.1438374684656
1810.8884559795504
1808.2289678024738
1808.2289678024738
1804.063746102116
1803.3934678821481
1803.3934678821481
1801.1135444496551
1801.1135444496551
1800.2363733687862
1800.2363733687862
1799.778041870719
1799.7038645288285
1798.517445008527
1783.5223575834423
1783.2431129826355
1782.2008865444996
1780.072189547379
1779.7654339828043
1778.6610132343937
1778.1161379392518
1777.9415063494075
1774.1240091943966
1773.3569860577988
1771.9675504929542
1771.9675504929542
1770.7159568942727
1770.7159568942727
1769.670025739262
1769.670025739262
1769.436916083758
1769.301274514886
1768.0231898931643
1767.6532465390378
1767.6532465390378
1766.047564478375
1765.5064429222568
1764.066892155737
1763.7587703538145
1762.8028817766324
1762.8028817766324
1762.8028817766324
1762.7935216581664
1760.381208715885
1760.381208715885
1758.7950420671534
1758.3833484197921
1757.6643593132337
1756.9928855860514
1756.471178243469
1755.5312586223008
1753.821541662663
1732.473665023512
1731.9333128039314
1730.2730998313532
1727.7398531028912
1727.7398531028912
1727.6808154285907
1727.5662071249253
1727.0460329707487
1726.1103672708764
1725.360252237196
1725.360252237196
1725.360252237196
1724.6846088488178
1723.9591062435327
1723.6484560373672
1722.9869413318256
1722.7515781446841
1707.7233382489096
1707.7233382489096
1707.7233382489096
1705.9847596036725
1704.7342901461213
1695.065780434494
1695.065780434494
1695.065780434494
1694.4267467199636
1692.4836779124341
1689.3895347136493
1667.5320086882891
1665.7565848586642
1664.214829882248
1662.882136532833
1662.882136532833
1662.1431947939984
1661.7361403062762
1661.7361403062762
1661.6413572128013
1660.917216480099
1660.690519031165
1660.690519031165
1660.5965795460377
1660.2478730599234
1659.9746986023613
1659.1910679605287
1658.8438745101964
1658.8438745101964
1656.6481219619332
1656.6481219619332
1655.1154038314066
1652.564068349545
1652.564068349545
1650.5950442189023
1649.887571927251
1649.887571927251
1649.7130053436567
1649.1246162737368
1647.2480080425048
1644.6233611377409
1644.6233611377409
1643.8406248782148
1642.3443609669685
1640.8637969069828
1640.8637969069828
1640.6864417066413
1640.4779791268154
1639.8707266123145
1639.8707266123145
1639.6420341037858
1639.3321811030246
1639.3321811030246
1638.221901941248
1637.8849165921274
1637.8849165921274
1637.8849165921274
1637.8849165921274
1635.5607601064535
1635.5607601064535
1635.5607601064535
1634.650115468139
1630.3288011931827
1630.3091731325073
1630.249674129702
1630.1987608877637
1625.4008736308715
1625.4008736308715
1625.3805708202617
1623.2963377030085
1623.2630717169661
1623.2630717169661
1622.2841921192476
1621.9959925967757
1620.7680278189102
1620.7680278189102
1620.491283531016
1619.4773848374666
1619.4773848374666
1615.9034624630272
1612.6400714356566
1612.3796079087579
1612.3796079087579
1611.3429181896695
1611.3429181896695
1609.8621058960298
1609.1171492467538
1608.8871930623352
1608.217025155498
1607.0373362184216
1606.147876130962
1603.5881640870264
1600.3255918718542
1600.3255918718542
1600.124057690528
1599.4849170904988
1599.4849170904988
1599.4849170904988
1599.192296129518
1599.167283307159
1598.7892293857874
1597.0807744131166
1597.0807744131166
1596.9051318096513
1596.4278875038483
1596.4278875038483
1595.2795993179377
1595.2795993179377
1595.1890170133445
1593.8444089684538
1591.9717334173995
1591.9717334173995
1591.9717334173995
1590.2455785192424
1589.3149467616543
1589.3149467616543
4791.759593301817
4768.9499892533995
4604.451867486509
4533.212326816382
4457.308604976774
4350.739477376231
4340.06854784576
4260.975592513996
4230.053545760385
4171.145166498045
4123.034925876811
4119.626560745524
4062.1862340370362
4018.370192005709
4017.5262289125135
3960.7037253498274
3921.102268495429
3921.102268495429
3915.4734068819826
3879.832341738493
3868.1418019509056
3868.1418019509056
3856.520582079136
3851.351970412468
3836.8845434805567
3826.8339394334844
3820.328389026263
3814.0197954389278
3800.9719809543453
3788.1424207650907
3781.536328002152
3774.439561047441
3758.636720940187
3751.928304219045
3746.490624571213
3728.730481008248
3728.730481008248
3725.9467253303555
3709.131704321107
3704.639523624397
3692.69468004058
3671.1524076235246
3669.644396940935
3669.644396940935
3665.0066848506567
3661.451897813216
3647.920640584167
3641.9384948128927
3632.5478661677676
3625.8769973621556
3616.1418666860955
3614.140838428962
3578.387905188592
3578.387905188592
3566.7959010854547
3550.2826648029027
3547.475722256602
3544.81649736626
3536.9683346052166
3529.0918095170036
3529.0918095170036
3523.446608081354
3516.11646564786
3508.15464311367
3507.7229080986426
3475.6953261182143
3457.6642404953086
3457.6642404953086
3452.10776193328
3444.5452530051048
3419.9744151089785
3404.7090918314884
3385.044755981817
3385.044755981817
3383.23336469715
3375.6728218238213
3367.843375218034
3360.2584722012084
3358.7974038336997
3352.9506408535153
3344.0011961720347
3344.0011961720347
3329.392587244706
3329.392587244706
3329.392587244706
3307.3191560537366
3295.3128834755585
3286.3138924941422
3286.3138924941422
3277.933647894661
3277.124349181764
3248.31864200543
3248.31864200543
3248.31864200543
3247.2382111572906
3236.3354276094437
3236.3354276094437
3235.530095672114
3235.2690769084415
3225.8915046851776
3225.119997767525
3219.8661462862087
3218.173394955592
3218.173394955592
3198.835569390837
3198.835569390837
3198.835569390837
3198.835569390837
3198.006410249986
3191.6632027831506
3181.2120331722626
3179.340969446341
3169.41019749732
3169.41019749732
3169.1341088694876
3167.03915353126
3159.488566208145
3159.488566208145
3149.0782778457574
3133.2438462398677
3133.1560765464587
3125.816533323733
3124.9415994543
3124.2675941730727
3122.2981920373973
3118.507816248021
3114.232489715564
3114.232489715564
3114.232489715564
3113.4940179804425
3108.9157273879264
3101.898128565798
3095.1423230604437
3088.299532105006
3087.3865971076575
3083.9990272372006
3080.2991737816637
3012.126159376463
3012.126159376463
3005.920823973912
3004.911146772896
3000.8613763384674
2999.8149942954815
2999.8149942954815
2993.093216055925
2992.8843946935203
2985.1226105471783
2982.234900204878
2982.234900204878
2982.234900204878
2982.0633796081534
2980.2686120549606
2979.270044826417
2979.245206423936
2978.0319004335734
2974.7778068286043
2974.7778068286043
2966.1067074533917
2966.1067074533917
2965.215675123818
2965.215675123818
2964.120780265204
2913.2773640695455
2913.2773640695455
2907.582500979121
2907.582500979121
2905.039930878748
2905.039930878748
2903.2240698919536
2903.039441688659
2901.5928384251297
2898.650893088024
2896.1489947860073
2893.809772600818
2891.5971365319892
2888.4687985159194
2888.4687985159194
2887.3962319016764
2886.76722303687
2883.400423111573
2879.5055131046374
2879.4148711153107
2878.5899325885234
2876.1312556974863
2871.5387860866513
2871.4175941510143
2869.765844106449
2865.6245392584146
2863.4418101299
2861.2783856171704
2860.8346684140975
2858.9209502887625
2855.785881329341
2855.1166350956664
2852.9635469104755
2850.7937491162
2850.7937491162
2836.8119430092647
2833.3264901878147
2831.3632758796603
2829.1435099690507
2550.274887144521
2547.186683382276
2546.3660381021423
2545.964453797421
2542.5504911407365
2542.5504911407365
2542.5504911407365
2538.425102302607
2535.4626796701227
2535.4626796701227
2535.172972402475
2532.2495927534474
2529.4821604431213
2522.271198741325
2522.122122340629
2521.69010784434
2511.536780538959
2508.8748474166664
2505.6089080301417
2502.5055444494024
2492.2560061117315
2488.170412170356
2479.7270011031455
2477.712453050192
2475.6643552792048
2473.9810023522814
2473.851450673625
2469.874085859439
2446.0539650629134
2446.0539650629134
2440.9836132182454
2435.766614435792
2435.766614435792
2435.3332420841302
2435.099176625051
2435.099176625051
2387.2017091146695
2386.619994888168
2382.8636133862133
2381.3447881396764
2381.3447881396764
2365.8026122227525
2365.462534051216
2360.1997796796777
2340.472601847755
2340.472601847755
2340.020726403935
2339.305238740768
2307.271548821248
2283.317323544846
2283.317323544846
2276.201001669229
2271.427304581857
2270.8936566911275
2270.7967764641558
2269.521535478348
2266.937802410997
2266.937802410997
2265.180566754006
2265.180566754006
2262.785672572637
2262.1770487740346
2261.8295691762455
2261.148823054334
2261.122066585526
2259.1573650367964
2257.7958277931157
2195.0052391737017
2195.0052391737017
2187.8489435973406
2157.400055622508
2155.5688344379078
2154.720167446344
2150.985588050278
2150.985588050278
2150.7424299529685
2150.4836665271373
2149.954883247553
2148.2739583209586
2145.551444267883
2145.551444267883
2145.551444267883
2132.8762270699162
2132.4809495045906
2130.3335419600376
2128.1562442640343
2126.44539078717
2124.8329346092128
2122.8629253910863
2122.8629253910863
2120.566669548496
2120.3902942618843
2119.5506599277123
2118.65169388458
2118.18223956297
2116.7685277327796
2115.3935804005837
2115.3935804005837
2113.6946326279017
2113.6946326279017
2113.6946326279017
2110.972998406185
2110.465114613364
2107.9084420344257
2106.866630805092
2106.319064149589
2104.624669626392
2103.9493815203823
2103.8248501241733
2103.0066571459065
2102.821200197487
2101.871784862245
2101.871784862245
2098.6629076628765
2097.452979210738
2090.1255943124565
2090.1255943124565
2086.8318092266086
2085.41075090736
2085.41075090736
2072.8714383675606
2072.8714383675606
2071.4118373708307
2070.8280952314703
2067.408522764671
2067.1422302299375
2060.5115869608694
2051.679068470505
2051.679068470505
2051.679068470505
2051.6702951497837
2050.752544799104
2036.906477970945
2036.906477970945
2036.2600521544393
2034.8157164716415
2034.783035117012
2030.2115653300766
2027.0591999248566
2024.3463142456628
2023.0034602046533
2010.9251602185498
2010.4051830414685
2010.4051830414685
2001.6108512895307
2001.6108512895307
2000.0984975745569
2000.0984975745569
1995.488661957266
1993.6223313356018
1992.7194985747492
1992.7194985747492
1978.160509159962
1975.563717018512
1971.8600356009044
1969.4321516619962
1969.1320422968085
1967.3639724260481
1934.0612710046184
1933.0990662663928
1931.9013949992375
1924.6854288428538
1918.1527572120006
1916.9942618589134
1914.9885117148876
1914.9885117148876
1913.9516712811742
1913.9516712811742
1913.4163164350825
1912.0865566181883
1911.7484144102225
1909.2304732535567
1908.8737517185364
1905.4965232190796
1905.479204819617
1904.6613872287116
1903.755236368373
1903.146079522011
1895.619423829583
1891.7610842809934
1890.6332272548264
1889.5594724697078
1886.5913707000782
1870.2074751214102
1856.7336911899886
1856.6601735374193
1855.193790416516
1852.8483478147907
1850.5396510207502
1849.2544443639983
1844.8934928607669
1842.7531033754901
1842.7531033754901
1842.2141569318155
1841.129273027834
1840.5352482362298
1840.2931831640306
1838.9812397085511
1838.6508640848594
1838.1866064140495
1837.5948955088006
1836.8184450293393
1835.130513069847
1835.130513069847
1834.002181023785
1833.6512754610676
1827.014778265354
1826.8626111451292
1826.8626111451292
1825.5174608860907
1825.4747327750115
1815.8138671130364
1815.177677253662
1814.2113989279198
1813.6325427164124
1813.0060672816294
1812.2196334881708
1811.891553046153
1811.019050148286
1804.6913863594518
1802.7931107034995
1801.8842915126377
1799.8302697754586
1799.4651983297704
1797.1530263169022
1796.7197889487386
1792.077844291369
1792.077844291369
1789.7821096435175
1789.7821096435175
1788.6947755276751
1786.8136444520453
1785.8513375978416
1782.7164665195642
1782.7164665195642
1780.6512853447753
1780.3642885656857
1780.3642885656857
1780.3642885656857
1780.3642885656857
1780.3381701238673
1780.3289021975686
1778.1749070324888
1775.3348979840396
1774.7053276530164
1774.7053276530164
1773.229821540344
1773.229821540344
1771.9266350501084
1771.6094377712036
1771.444890477827
1770.5634696333254
1770.5634696333254
1769.185123156986
1753.8232522121493
1753.1294875165383
1748.56255249848
1748.56255249848
1745.71704465529
1745.2867959163616
1744.2066964669068
1736.182882072047
1736.182882072047
1735.4662197807252
1735.4662197807252
1734.9521607237475
1734.9495669903492
1734.0965947720445
1732.3712073340403
1728.6410847830732
1728.354708964569
1728.354708964569
1725.1414434764472
1723.8245270328416
1723.5329993939774
1723.1683028653933
1723.098662294182
1723.0716758161861
1722.0301971800611
1721.299218613661
1718.3713219208473
1716.75653486451
1716.75653486451
1715.9717363639763
1715.9717363639763
1715.9717363639763
1714.3284399437582
1713.7070928253754
1713.3709464094459
1712.98044355445
1712.6047413224103
1712.6047413224103
1712.3886825134064
1711.8349803646379
1711.8349803646379
1710.948859551331
1710.948859551331
1710.948859551331
1710.0184209534118
4849.405942999617
4703.771678132347
4635.6216411609785
4529.835537853444
4495.78580450626
4393.36977728941
4368.359188528342
4283.914798405776
4283.914798405776
4217.856446110986
4217.856446110986
4199.551166493867
4150.617303486314
4128.0376694017705
4095.8201864828
4095.8201864828
4093.4092148232626
4074.7402371194166
4060.3281887059325
4026.5677692049344
4026.5677692049344
4015.322029426781
3994.8991226312587
3947.79558741331
3926.705234671938
3917.7162990701613
3902.055227697322
3885.6574733241737
3827.440528603939
3827.440528603939
3806.18168247392
3806.18168247392
3793.77305594312
3781.354122533355
3763.4927926063574
3763.4927926063574
3732.8625744862347
3712.665888549628
3688.8734052553227
3676.4383579763717
3662.7542915134236
3662.7542915134236
3631.5913867063846
3628.6596699056804
3621.4589601429975
3614.5269400019693
3604.283701375351
3603.1057436605993
3595.5498884037197
3595.5498884037197
3575.4031940467917
3574.0088136433014
3568.4842720684646
3566.8560385863625
3543.464970900658
3539.284673489828
3539.284673489828
3530.8535795186976
3519.4434219063673
3515.1324299377397
3509.0484465165196
3493.3551207971973
3489.993266469149
3472.962856121557
3466.0761676570237
3465.2160105828902
3459.9527453420515
3450.637042634302
3450.0905785210916
3431.822402164774
3429.285785699407
3416.337805311413
3413.788950711511
3408.2869597497215
3407.624832636363
3407.624832636363
3402.223831554885
3394.969808407727
3384.7426785503208
3360.66645176221
3360.66645176221
3357.955479156923
3354.6357477377483
3354.040399279651
3345.3848806975857
3343.427582586469
3339.3039693924243
3333.1404110838175
3327.3172376555863
3325.7026325274483
3316.394729220272
3307.8411388698823
3300.5226858787078
3296.7022916848287
3292.714533633306
3287.961982748584
3287.961982748584
3284.5573522165814
3278.127971876632
3278.127971876632
3269.6288780227032
3226.7359668866616
3225.9930254109354
3225.9930254109354
3207.120359450203
3205.8301576970666
3202.6414098365744
3180.839354635817
3162.4647033603396
3162.4647033603396
3162.0234028229456
3135.6675525316773
3135.6675525316773
3128.8822285282645
3122.840213651669
3119.1356174427556
3117.0887058279236
3105.9434959445093
3105.5630729386257
3103.9234848816745
3093.9726889550916
3092.6100627140177
3087.361980720758
3084.6247745876644
3065.74966362226
3037.2831609845007
3037.2831609845007
3035.966732360551
2994.901000033223
2987.759361126662
2951.0874266954547
2897.260257553677
2893.7403131587325
2890.4025671175978
2890.4025671175978
2890.4025671175978
2890.005190306758
2810.1049802454
2809.0121039255064
2807.0933365315805
2803.385096628717
2769.211440103482
2765.782348631215
2754.7827500548933
2708.967146349324
2708.967146349324
2708.967146349324
2689.0574556896327
2686.972087685319
2671.344792421974
2671.0877933905504
2667.2594549462187
2651.6866330696016
2647.599667623487
2646.1800770166797
2588.5345274884785
2588.5345274884785
2572.762911735164
2572.762911735164
2556.044796164574
2550.5556257411836
2548.1026274465476
2543.1207206894446
2540.4052826271636
2540.4052826271636
2537.0638541432104
2530.949426598643
2527.422402369655
2524.9231671478638
2520.501140646439
2520.2019760328735
2517.68524641187
2510.7124486886187
2510.182662676165
2507.8419009179984
2507.1116847878957
2502.5423073346833
2502.5423073346833
2497.2222568285747
2496.249586880286
2445.563125335349
2445.445358211874
2445.0128834016396
2440.621027525576
2440.621027525576
2439.137347506286
2438.8626447588226
2438.8626447588226
2436.300474079501
2433.6834223045526
2431.933181647884
2425.140202132652
2425.140202132652
2425.140202132652
2424.129328233129
2422.513157859003
2421.092315464241
2420.396868284208
2417.0581292141073
2412.5813975905558
2410.4024560226453
2410.4024560226453
2410.4024560226453
2406.152322692809
2405.2108015722865
2403.500572082312
2402.358424548677
2399.293229265652
2398.687557811563
2377.4177167675016
2375.7388324477083
2374.869259559355
2369.972362708055
2366.976763722027
2362.845107069018
2357.8169988359996
2334.616456722603
2325.369217995284
2325.369217995284
2325.369217995284
2318.3839198890246
2317.092143182916
2316.6972180239695
2316.6972180239695
2315.6266970304173
2312.2441480085963
2310.1010800395725
2304.1788125056614
2296.784709109672
2296.514315217739
2296.514315217739
2295.719277263664
2293.6758707367526
2291.978839343854
2289.6209293243282
2287.4337148866193
2287.4337148866193
2282.5910715675727
2281.320231795615
2279.8232387621633
2275.8945494024983
2274.9465927797073
2273.6892927574777
2267.373811262713
2259.9373885132304
2259.3813312497737
2257.848311999723
2257.5141195571737
2257.2436731553817
2256.6326683800357
2255.1587527267343
2255.1587527267343
2254.352456915289
2253.412079491898
2252.545227070924
2251.5021652221435
2247.7206232092103
2247.7206232092103
2247.6489939490107
2244.5135330400662
2243.2476457136872
2239.856915072925
2239.856915072925
2225.3197523052727
2225.3197523052727
2221.9563452057287
2221.8102979327464
2209.3924504261345
2208.6577371788503
2208.1261286439235
2207.5864648978077
2206.1593324145924
2206.098139249476
2204.8959159107717
2203.7309273139495
2203.1452516799704
2190.1141522760863
2188.743246705744
2187.8651695202793
2186.6039879228247
2186.548421599668
2184.6500863982774
2176.805916934259
2176.805916934259
2175.4024914943902
2174.104183336208
2142.813570985586
2142.813570985586
2142.813570985586
2139.3129738306175
2138.3795266509637
2137.002807672465
2137.002807672465
2136.98596158234
2136.5451083466505
2134.767200422566
2131.4347280646434
2131.4347280646434
2129.704204813429
2127.977913419216
2126.3637976602217
2124.461814201423
2122.7135934930084
2122.2521056651117
2121.590676827177
2118.0653908696963
2117.192716783241
2115.2902874073807
2113.8964023811573
2113.7488024833983
2113.7488024833983
2112.1692640505876
2112.1692640505876
2112.1692640505876
2112.1692640505876
2105.730277124779
2105.730277124779
2105.7210166591394
2102.894909404652
2102.894909404652
2097.5936212717656
2097.3359292206865
2092.801471712021
2087.3758645725497
2086.806651321583
2085.3030954755714
2081.7257264106624
2081.7257264106624
2080.842858074583
2077.641210603987
2075.2255299123517
2075.2255299123517
2072.8231955475603
2072.749381859756
2071.4564924226624
2070.4236281495632
2068.866839600848
2068.866839600848
2068.3541766341664
2065.8117048753497
2065.8117048753497
2065.7383667831705
2064.1228161134213
2062.59690681432
2061.1077118869844
2061.1077118869844
2061.1077118869844
2061.1077118869844
2060.785287214561
2058.7017753914724
2058.7017753914724
2056.4899707997606
2055.4802358573043
2054.766410081691
2052.0916158885307
2052.051412611292
2047.874019562727
2041.964985008313
2033.7856327548388
2029.882016275823
2029.882016275823
2023.9108181933314
2023.9108181933314
2009.3312320272137
2009.3312320272137
2009.3312320272137
2009.3312320272137
2007.3930855714334
2006.612070132142
2004.7311540453497
1998.0720707722232
1997.14471183237
1997.14471183237
1991.2395636889098
1991.2395636889098
1983.3612883183941
1980.0689381938196
1971.2222096963092
1969.876392061187
1964.336020135048
1958.9673299981293
1958.559930152764
1958.559930152764
1958.217046192786
1957.7681170148828
1957.2447470870882
1956.6077787844963
1954.1660625443274
1954.1660625443274
1953.3222980348123
1952.3969883197424
1952.3593419245342
1952.3593419245342
1951.6393109383712
1951.3710564626092
1950.040255994732
1950.040255994732
1944.7997326203024
1942.9788984958122
1942.9788984958122
1942.9788984958122
1942.3290143536444
1937.554902447928
1936.7921932928168
1936.7921932928168
1935.7272535148127
1934.9018062940559
1934.2613577280606
1933.9418295284893
1933.9418295284893
1933.8053159509102
1933.7300742347677
1932.7757241852971
1918.6318041771328
1918.6318041771328
1917.9921793375488
1914.260431602764
1912.9145302391323
1909.6308543799767
1909.1862140713251
1908.5402798997982
1907.2024014246626
1903.2635130217782
1903.2635130217782
1901.3084967989807
1891.4761431220854
1891.4761431220854
1888.119434781603
1887.3200576478807
1887.3200576478807
1887.1094297893803
1886.6719375662533
1886.6719375662533
1886.6719375662533
1882.3108138668279
1881.4071861242585
1880.830401710904
1879.6435832359282
1879.6435832359282
1879.6435832359282
1878.2055265598597
1878.2055265598597
1877.2328038898106
1876.372031341333
1876.372031341333
1876.372031341333
1871.0964699875847
1868.6612855196631
1865.1444984236475
1859.543492365801
1859.543492365801
1857.296691430855
1843.8999430554793
1843.8999430554793
1843.8999430554793
1838.8085816636815
1838.8085816636815
1836.5753455820973
1836.1048445009887
1834.8454975828347
1834.7253200411226
1834.5773355190017
1834.4233426338644
1833.7775219475234
1832.941352035029
1832.5583210364684
1830.7288166192175
1829.4187601530712
1829.4187601530712
1829.243286170541
1828.0719351272805
1827.5015731867375
1827.4826948565067
1827.1724056585356
1826.957306561924
1826.9452646425946
1826.3474477765724
1826.1771546046675
1826.1771546046675
1825.750256743786
1825.0868472486454
1824.7408035115564
1824.704633632523
1822.3830552329002
1821.9261785264516
1821.9261785264516
1820.506248272716
1820.506248272716
1804.9285304410255
1804.9285304410255
1800.1927674557521
1798.929959726059
1798.929959726059
1798.14571155955
1798.14571155955
1798.14571155955
1792.2106461016238
1791.3014821631784
1790.4580419546278
1785.1691796577713
4625.319124125383
4533.139640469947
4400.658473455989
4357.707080564273
4335.358578018662
4313.217012857109
4243.545569450151
4127.290515580409
4108.165649045813
4049.3501947843433
3983.0406726519877
3923.573626172956
3886.904295194313
3809.632790703062
3799.966052479943
3799.966052479943
3741.450520854178
3741.450520854178
3734.111808717034
3717.0173526632884
3717.0173526632884
3702.726157846405
3689.4987464423943
3655.0723659046753
3649.505445947437
3645.775637638718
3634.3601912853933
3629.139291898287
3601.8578539414907
3598.8891341634853
3593.8279035034498
3587.887540043584
3586.888623863306
3573.3103699510907
3554.7040664449128
3545.71882697994
3541.5173301849027
3536.084275013818
3527.8323372858863
3516.65906792228
3495.608673750539
3495.608673750539
3495.5580384253385
3491.4942359969605
3478.686246271716
3448.975355087363
3434.275178258143
3387.0925585227224
3372.0381077324732
3372.0381077324732
3363.6328574920303
3357.63279707594
3343.5959684148443
3343.5959684148443
3334.6830434090734
3328.4622575597878
3315.2170366357614
3308.762910817274
3308.762910817274
3299.2308194486786
3299.2308194486786
3295.0761751437553
3292.15871427852
3255.015668165055
3218.8233875128967
3205.2372767082315
3196.676399011949
3193.303148778706
3179.6123977617144
3164.2430374419723
3151.0556961120187
3133.998883216138
3133.998883216138
3130.4809534638603
3111.672701297487
3102.503021755176
3102.503021755176
3091.956015211083
3075.028129952635
3062.932581693564
3051.627598511981
3046.621735627841
3033.3146885873875
3032.520074129766
3026.4132236031483
3020.754541501179
3019.6316000466018
3002.273804968494
3001.031655947668
2998.632354924491
2985.289768179967
2976.74856177004
2972.56269908643
2972.56269908643
2958.6615217020008
2958.0206219700362
2953.9465127181975
2953.9465127181975
2937.069628047657
2937.069628047657
2937.069628047657
2930.1508493591245
2917.461739252119
2808.134968266305
2786.493315979782
2786.493315979782
2748.1028001150175
2745.3682813058067
2713.0805369542572
2683.054229791116
2683.054229791116
2673.8068367030555
2672.7678537426327
2656.4227826157494
2651.4060420840865
2637.343170692809
2632.0256457717123
2632.0256457717123
2628.6275886857766
2628.6275886857766
2626.127757745232
2624.269803202407
2601.787846846856
2600.608198095207
2600.608198095207
2596.1752637293193
2591.2209477387296
2590.1382202500313
2588.213476512322
2584.9632492551996
2582.915213474883
2576.293849699603
2558.041047364174
2558.041047364174
2558.041047364174
2548.353586141452
2544.210486575354
2511.467101118388
2511.467101118388
2498.7150697908714
2472.3759827340177
2472.3759827340177
2470.234604243087
2422.0307595074014
2418.5603155596514
2418.1385402825867
2412.3049143920425
2412.3049143920425
2406.832773584405
2403.4011317297827
2395.856840464388
2387.6664339894714
2296.969307587718
2293.6233343772906
2293.1883917375826
2274.495768296789
2274.495768296789
2270.1112307550043
2266.086053088011
2265.2271409286973
2264.5434418442937
2243.6753330194633
2243.6753330194633
2236.0368959388843
2233.0808314971496
2221.905938603162
2210.4400014476755
2210.4400014476755
2210.4400014476755
2208.9035741743005
2208.7100307645637
2206.1985404763554
2191.497889572335
2188.902921556824
2188.902921556824
2185.686391045156
2185.3775417533693
2182.482531430664
2182.482531430664
2182.482531430664
2180.97019695364
2179.7463155147207
2179.264325408921
2178.063819083362
2171.4626407101737
2169.850916537816
2168.647735341081
2163.2607332450707
2155.86363205097
2154.788156640926
2122.066681327427
2122.066681327427
2122.066681327427
2122.066681327427
2115.4235982422056
2115.4235982422056
2103.8588355685843
2103.8588355685843
2097.3325916506424
2096.7133805076937
2079.877400233004
2066.203039393757
2064.134201063487
2064.134201063487
2061.54505165422
2061.54505165422
2061.1938288283322
2056.913950557971
2056.913950557971
2052.167147188552
2049.4265051472325
2048.914834735695
2047.7995507373273
2047.7995507373273
2045.9020015631247
2045.9020015631247
2045.9020015631247
2044.2722421438882
2044.2722421438882
2044.1602187695562
2043.794265575672
2042.8986759014751
2041.1638836702946
2041.1638836702946
2041.1565349085797
2040.612653102004
2039.8877420093488
2039.684044159781
2033.8409475669428
2032.8015151509505
2032.8015151509505
2032.8015151509505
2032.2713893572384
2031.665572873646
2031.5016613333103
2031.5016613333103
2030.766850231705
2029.4575629955903
2028.9544105277478
2028.9418424390583
2020.5316132147004
2020.0690582254856
2019.913859549461
2019.6962642932228
2019.5856010578011
2001.5276665587214
2001.0599691163682
2001.0599691163682
2000.9430276747012
1995.940129362602
1995.940129362602
1995.9235957320611
1994.5961997356758
1994.4781272302787
1993.0795267625424
1991.3651096672352
1991.0464585237582
1990.6787787084083
1989.3483857786198
1989.3483857786198
1988.8846120376113
1967.5825268587846
1956.2136897588668
1956.2136897588668
1954.6288650278343
1947.6198294328387
1925.1059711091232
1925.1051919310798
1920.0656238785173
1916.0240082003147
1916.0240082003147
1915.81053342965
1913.0601140581025
1913.0601140581025
1899.6115392363777
1899.6115392363777
1896.0377105954406
1896.0377105954406
1895.3857127244576
1885.007692291997
1885.007692291997
1885.007692291997
1883.1266553261892
1876.8806568346322
1876.8806568346322
1875.1799913608293
1874.979199884628
1874.762384943756
1874.0747050211205
1873.79054325717
1872.8825376942357
1870.7589369023472
1870.1376954652296
1868.14051934002
1866.038048915402
1865.8193910451248
1865.0962441654317
1864.5637559493641
1864.5637559493641
1864.0938817559593
1864.0938817559593
1862.7742751068902
1862.7742751068902
1862.077871626211
1861.082480708472
1861.082480708472
1861.033315123617
1859.8900505137394
1859.8561772352184
1859.4816482019928
1857.2062351822965
1857.2062351822965
1856.10398415606
1832.5435874761615
1830.5799627440479
1829.4223131906967
1825.6538554720607
1825.6538554720607
1825.479662992716
1825.4098170000073
1824.0600319068449
1822.8474977353426
1822.8474977353426
1821.7749586598231
1821.7041472203987
1821.7041472203987
1820.8967570952507
1820.1510926294004
1801.0638522828667
1799.8699953052164
1797.809222359258
1797.02225918323
1796.61654228163
1796.1096848466689
1796.1096848466689
1795.8666431558886
1789.7198104731367
1789.6281736718386
1789.6281736718386
1789.5049594790175
1787.8744363069795
1784.8697431465412
1784.180484143911
1783.954315558557
1783.7749297487057
1783.351059101937
1782.5804329678926
1782.3661240048298
1782.0855759474628
1781.7174298973448
1781.4769153710638
1781.4095542575267
1771.7310744015301
1771.7310744015301
1770.7436291004974
1770.7436291004974
1769.7330307139548
1769.7330307139548
1768.9395128155174
1768.7458833874357
1766.505590141169
1763.7536676078096
1763.2543775643944
1763.2543775643944
1762.8434417156845
1762.8434417156845
1762.1557819897762
1761.592745216669
1761.592745216669
1761.3747471790323
1760.9437810446989
1760.6169373262317
1760.6089855501705
1760.6089855501705
1760.2783870740445
1759.2785453133906
1759.2785453133906
1758.9434328596244
1758.3179462201938
1756.957597667058
1756.957597667058
1754.9672361614048
1754.9672361614048
1754.9672361614048
1754.8903099624204
1754.8903099624204
1754.7860268420193
1754.7860268420193
1746.063286367364
1746.063286367364
1745.760865639965
1745.743967482059
1745.732511010779
1744.506520480792
1744.4308527425212
1744.4308527425212
1744.256288508085
1744.256288508085
1743.7233152080062
1743.3548118498425
1742.6020773544371
1741.524332302021
1741.3509123666029
1741.1562250412799
1739.4660100157175
1739.156692193087
1739.0865418374096
1738.9657845972704
1732.7114589567416
1732.7114589567416
1732.7114589567416
1732.7114589567416
1732.5261902782306
1732.2785572765138
1730.285525570852
1729.9572249047085
1729.9572249047085
1729.647651980021
1729.581741346734
1727.9681710031582
1727.424672742635
1726.9296453532784
1726.5448155202923
1713.7000904475672
1712.9197295845477
1712.9197295845477
1710.2724929086594
1710.2724929086594
1706.3888771320562
1706.3088817678938
1705.3679954778088
1705.3679954778088
1705.3679954778088
1705.1923645149247
1705.1923645149247
1703.3781142189189
1703.3781142189189
1703.2022780632956
1703.2022780632956
1703.099820914793
1702.8314655302797
1702.8314655302797
1702.6955100663183
1702.5354621857366
1702.5354621857366
1702.2649617494922
1702.2649617494922
1702.0337834484956
1702.0117508407513
1701.146966020279
1701.146966020279
1701.146966020279
1700.6192989614108
1700.260568265935
1700.1252895007474
1699.9897058511854
1694.6955478787334
1691.503177649986
1691.3494612291097
1685.7158716699562
1685.7057869035154
1683.75829619337
1681.6780310154497
1681.6780310154497
1680.945567232919
1680.945567232919
1680.945567232919
1680.7144314249224
1680.3457977452142
1677.8292523376745
1677.0772194505535
1677.0772194505535
1675.5790044041491
1674.5369509210598
1672.7321961389994
1672.7321961389994
1672.6882554738047
1672.2783859154551
1672.2783859154551
1672.2783859154551
1672.2260612728173
1672.18031324376
1672.0505375137438
1671.5292399476593
1671.5292399476593
1671.5292399476593
1671.2040569601309
1670.7426492431441
1670.5199789287167
1668.8082574100597
1668.8082574100597
1668.8082574100597
1666.8704208785996
1666.2790882682289
1664.338006535932
1663.1031236817516
1663.0499090526419
1662.7937334498226
1662.7937334498226
1662.755844975443
5078.772686387923
4999.191934703048
4977.045609596119
4740.798350489082
4740.798350489082
4608.355889034613
4594.405075741581
4530.543124173966
4487.572617796842
4485.390172549095
4396.9512164680655
4389.972665062962
4327.056274189186
4281.3411450151925
4247.203079674905
4214.471615754459
4205.042687060382
4153.931872334932
4153.931872334932
4153.931872334932
4153.3283039027865
4139.259716422733
4121.79815129271
4114.71760877949
4081.4340616993923
4054.7981454074875
4053.1960228935386
4044.276820396942
4042.1742911457936
4005.2420650941935
3999.6703614173007
3991.3076804476
3979.5483412065746
3968.7472834636374
3912.3555564391127
3912.3555564391127
3912.3555564391127
3906.285831835658
3900.408311959147
3896.1604176419637
3887.226517711568
3878.4589723239305
3850.7710916126916
3824.232864248724
3822.658368203991
3816.2275875529226
3780.7140859895767
3780.7140859895767
3749.887731652776
3749.887731652776
3739.484590154103
3727.9265014214
3727.9265014214
3657.757919819189
3652.397705617503
3626.1679497783884
3609.221938313021
3603.7264047094363
3603.7264047094363
3596.8155359984753
3596.8155359984753
3554.0749851402966
3554.0749851402966
3537.3948040895857
3525.532583880058
3510.4388614530803
3504.748778443328
3474.711211021716
3474.711211021716
3474.711211021716
3453.08021916665
3453.08021916665
3447.633101128947
3437.561926714921
3431.015155897741
3429.0430151865985
3425.2277296553584
3404.0743235129285
3404.0743235129285
3403.7023959212415
3403.7023959212415
3393.285133907848
3389.8650415613893
3385.1155076304267
3384.8407643491887
3380.7901443301685
3379.0997321771965
3359.4819541113775
3351.8645557361056
3350.9591164321896
3345.6972367505105
3336.8486630352295
3319.876353119194
3319.876353119194
3318.9279895773575
3312.867489049328
3312.867489049328
3312.867489049328
3292.122415706925
3292.0025820159985
3288.1684871672865
3283.2566150089456
3278.2089622231224
3274.7612126687955
3274.7612126687955
3274.393837033047
3267.840724392791
3267.840724392791
3265.855018214985
3258.530803905343
3256.3129456488055
3246.5350760464607
3246.5350760464607
3243.7552312096545
3220.6926273707027
3220.6926273707027
3203.494654279916
3197.6252125600963
3197.6252125600963
3197.2011197295674
3191.431810332159
3190.6383373864232
3189.4985499291265
3184.3219058380387
3184.3219058380387
3178.0111705278823
3175.2655007101375
3175.2655007101375
3153.820540233702
3147.6591302108936
3144.5882083350753
3084.9181512643086
3076.199278330323
3064.3842774691298
3056.8979374522796
3056.8979374522796
3034.8871478195033
3034.8871478195033
3030.8043486836955
3024.724450259891
3022.1441064251057
3020.3911998282606
2972.172606024085
2972.172606024085
2963.72788899386
2961.2627374145645
2912.486909841828
2912.486909841828
2905.1832988642905
2905.1832988642905
2901.258520021958
2901.258520021958
2894.5655978056534
2894.5655978056534
2894.226839762219
2869.6041538860372
2867.669437016756
2865.2659562421077
2863.093431936862
2863.093431936862
2860.2980613915047
2859.326144391367
2851.105925776873
2851.105925776873
2851.105925776873
2851.105925776873
2848.08725287692
2836.818111899316
2828.6378347183295
2810.804689052585
2809.5108115114986
2804.6251086375164
2799.284194218229
2791.5096274238426
2785.4462838116265
2785.4462838116265
2754.862247009821
2754.862247009821
2740.4227776020252
2740.4227776020252
2734.373237142289
2734.373237142289
2733.3300203231956
2733.3300203231956
2732.9882912299495
2730.196879347715
2730.196879347715
2729.9254568577508
2729.9254568577508
2728.6394045384595
2726.227980195347
2724.1092122013024
2713.911752434113
2713.911752434113
2704.778918876735
2703.786234153876
2703.5974182559057
2701.957068496833
2667.007311576029
2667.007311576029
2667.007311576029
2655.6309984634536
2655.6309984634536
2615.1193089417548
2614.08033541435
2572.894284652986
2572.894284652986
2571.418285693714
2565.287313343283
2565.287313343283
2561.2270496775564
2561.2270496775564
2556.258202920824
2552.614933749311
2552.614933749311
2550.519554914253
2544.191227089662
2542.477138540286
2539.1380427223726
2538.4343599943645
2537.9643417510815
2536.316620613444
2533.867202518711
2531.3427266966437
2526.564861625365
2521.659176018837
2519.8073339047173
2492.9103473651035
2492.9103473651035
2489.6176413256717
2489.6176413256717
2489.6176413256717
2488.2614412476837
2488.2614412476837
2487.8410318989436
2485.9006416186467
2483.487265922658
2483.0779287005876
2482.114018331954
2479.247063122189
2479.247063122189
2477.954801847685
2477.8621834153732
2474.6314877169084
2472.880304422355
2471.301478978233
2471.136985276211
2471.0556448611187
2470.195336405605
2467.8887738307817
2467.8887738307817
2440.044261893624
2437.640867724366
2425.7526666995545
2424.1780050153084
2422.589317238892
2420.3016340943955
2391.24820961773
2390.3711008962605
2390.3711008962605
2390.3711008962605
2389.692030367093
2389.692030367093
2341.5913392391935
2341.5913392391935
2341.5913392391935
2340.102134523192
2340.102134523192
2339.650401235193
2338.4772823356657
2337.8126528873095
2337.751697678776
2336.763573834546
2335.4755404413895
2333.713564257619
2327.165443194789
2322.294554960675
2321.3920392729874
2321.3920392729874
2233.7775180174053
2233.7775180174053
2230.619196546107
2227.701954930237
2225.544203110781
2225.544203110781
2223.35962003451
2223.35962003451
2220.2394015060627
2220.1299511515085
2217.7414186509664
2214.378242306404
2214.3721457785728
2211.216181199839
2209.516462939346
2206.0299182014737
2206.0299182014737
2204.2683593428455
2199.8377212876408
2199.8377212876408
2196.7382638812483
2196.7382638812483
2193.9001800446617
2190.8897735851524
2190.2262440213794
2167.3290013285937
2167.3290013285937
2157.4566044303187
2155.2848999610237
2147.759297500537
2141.7112317023507
2134.417250679913
2134.417250679913
2129.6894139756623
2129.6894139756623
2110.2075727283323
2110.2075727283323
2107.333148792568
2104.81044277151
2104.81044277151
2104.044201056622
2103.8445760084087
2102.435254651139
2102.318719890017
2101.4152374054966
2095.068017988915
2092.97993301417
2090.693664791664
2090.693664791664
2086.8277360625625
2086.8277360625625
2084.4344556737688
2084.2910065535475
2083.7305487994363
2083.7000743869066
2082.6389509466107
2082.6389509466107
2082.6389509466107
2074.4833091639953
2074.4833091639953
2059.7511985674387
2055.0209244676803
2053.9486361640106
2008.2464988143263
2008.2464988143263
2004.976059707447
1996.7243174760006
1996.7243174760006
1990.2469695995017
1989.50119376692
1983.147498296584
1983.059757042132
1980.6203573628138
1977.4620097488598
1977.303466845694
1974.6619963933067
1974.6619963933067
1974.5556462151173
1966.0991836629198
1954.131264782384
1954.131264782384
1943.447709612996
1941.8043155786836
1938.879831242772
1938.6864109494345
1936.5316935180792
1936.5316935180792
1933.3683042814166
1933.0426793012098
1933.0426793012098
1933.0426793012098
1933.0426793012098
1909.4669413215825
1909.4669413215825
1908.5588804121292
1907.6501251539812
1906.9234384211654
1906.1143722242903
1905.204713410084
1904.737514724798
1903.112713425035
1903.112713425035
1902.317796794216
1900.886635231044
1900.8077230482836
1898.8541281520284
1896.8729530466715
1895.9364440824486
1893.2041622603729
1879.5212156291293
1877.6208349930505
1877.6208349930505
1876.8273761856735
1876.4874100297077
1876.4874100297077
1874.5474120437711
1874.227307452327
1873.0904943435062
1871.5538998383136
1871.3166487796768
1871.3166487796768
1866.6571725949036
1866.4860031620917
1865.6524327966342
1865.256818778583
1860.3717370461206
1860.3717370461206
1860.3717370461206
1858.2362605438523
1857.3796057887575
1857.172043726698
1856.2906561204256
1856.1977265366963
1855.3433644476702
1855.3433644476702
1854.9059275337927
1854.7458046859144
1854.1860748047916
1853.5708780621258
1846.9282606533477
1846.9282606533477
1845.2891372356798
1845.0867188292261
1844.0588385406795
1843.5452259166304
1843.14513807242
1839.4947675924495
1839.4947675924495
1837.7170620092745
1837.7170620092745
1837.679242958357
1822.074916132704
1822.074916132704
1822.074916132704
1822.074916132704
1822.074916132704
1813.516197887408
1809.7483250441205
1809.7483250441205
1809.7483250441205
1808.8844628665481
1807.8774847870638
1806.431565268942
1806.431565268942
1806.431565268942
1805.8070218049324
1805.654175084476
1805.305237349075
1805.305237349075
1802.2857709031607
1802.2857709031607
1801.6631205638862
1801.360874450203
1801.307580620256
1801.307580620256
1800.023888730369
1800.023888730369
1799.4029565386404
1798.0225248867157
1798.0225248867157
1763.959183201244
1763.7499822820694
1762.9707881868037
1761.7088295175226
1760.9307198183578
1760.5910939227201
1760.1855015878298
1759.780384025234
1758.8851582749796
1758.598305469444
1757.3363366185768
1744.6578461119532
1743.6000114705207
1743.158340484306
1743.158340484306
1743.0611004781215
1743.0611004781215
1740.636377880228
1740.636377880228
1737.4009324275155
1737.2501259173937
1734.2557481525037
1733.9085904395306
1733.9085904395306
1723.864263798052
1723.864263798052
1723.8581728204904
1723.8581728204904
1720.35141758886
1719.8212116380005
1719.7523077466708
1716.9956319105765
1716.9956319105765
1715.76863242105
1715.2711155965985
1715.2711155965985
1714.1268914523218
1714.1268914523218
1714.0918878519904
1714.0708853486778
1713.8792256165543
