4729.403556475171
4690.216306312535
4581.120605266794
4549.39655339035
4478.3121820614515
4402.177075039122
4370.078717826488
4265.605701421546
4198.2542800549845
4130.697156655278
4112.270540711056
4034.227187454866
4034.227187454866
3973.394896055513
3973.394896055513
3958.822299623968
3895.7734790411005
3894.1714137926697
3854.9308683814293
3840.892995124962
3815.6500101555434
3809.048175069462
3796.7717866629805
3791.9899788897123
3774.753634344896
3774.753634344896
3769.712721149982
3768.405232986495
3752.5220852114917
3723.506277690424
3688.186410690219
3674.3663399285597
3662.45477787781
3661.306733940766
3660.0867476058543
3642.162544423299
3642.162544423299
3635.7304630569083
3623.68679662026
3623.5001034910983
3618.6129939522407
3617.0815583837752
3596.585881082224
3594.6938673550494
3589.7472055842595
3573.8237225694274
3572.5783406385926
3566.0598705013354
3547.998449830552
3547.985343825422
3541.73657970211
3541.73657970211
3539.35460218385
3531.489912204196
3531.4712231589824
3525.873792409479
3523.351671349313
3511.093989058111
3511.093989058111
3510.757752964451
3495.9834095716187
3475.311640702169
3474.7620062387005
3470.774985503958
3468.1751685865
3467.0894133264
3463.162427608616
3459.082248227122
3450.5863269885017
3445.8334260378865
3442.2765722701597
3436.3175057028707
3423.1276634095902
3423.1276634095902
3419.1183074003156
3418.3826585097227
3406.7667956583114
3406.758870246029
3398.1480250277505
3377.250064771633
3377.2201586511947
3377.2201586511947
3362.2247099205015
3354.287107568462
3316.1275608757874
3315.7597922648138
3292.736400017469
3292.736400017469
3287.958637209416
3285.3359036786483
3285.301051654171
3283.378290724357
3258.311219021289
3253.915487531906
3253.915487531906
3252.7357716236343
3251.6571159948585
3247.7139652377023
3246.279408800173
3246.279408800173
3176.995593323982
3176.6782965859165
3175.323920484334
3172.830912607856
3172.2138956886247
3165.504067285335
3164.885621945918
3164.589862841629
3164.540250968535
3156.0236057418833
3156.019803486664
3151.4471279080662
3140.002547769667
3139.1441508793446
3107.3728453470144
3107.3728453470144
3104.8099780823945
3085.4438902692755
3085.4438902692755
3076.288185459873
3072.598411768124
3072.598411768124
3072.598411768124
3058.8468415401253
3058.8468415401253
3049.9778687721655
3026.6296436795833
3026.6296436795833
3026.6296436795833
3023.2965451639043
3023.1371123387703
3018.0490387003324
3005.4482194840757
3005.4482194840757
2995.885678726743
2995.885678726743
2994.231954942703
2993.6162078663324
2993.385875559648
2992.207880478895
2983.299515637007
2982.2675936273727
2916.032921624857
2914.504760675474
2908.2532558221264
2866.6464727970906
2866.6464727970906
2829.0599145299134
2829.0599145299134
2822.676212391354
2822.676212391354
2822.676212391354
2821.3776776603304
2811.5492170687676
2808.9957280138397
2792.9663442297333
2792.9663442297333
2779.9309343938744
2779.9309343938744
2777.5211970388273
2777.0432117631876
2763.907559959269
2742.3540982156187
2739.069732591706
2733.351788555582
2727.7820660749276
2726.852031189078
2712.600044238
2712.600044238
2711.4743222092293
2707.0391574559835
2702.429647557916
2702.1887424826564
2701.2935790098786
2698.789914017021
2661.346087978788
2661.346087978788
2642.3054327613227
2639.2407999271304
2638.6576132571654
2636.8682181709423
2635.5642659589994
2626.1816388056636
2625.3578803660275
2625.3578803660275
2608.703509408457
2605.898693349379
2604.4264243783123
2604.4264243783123
2602.9037631076567
2600.4434237260384
2599.6018925981725
2598.665041901322
2597.1984906818348
2592.8357063261838
2592.8357063261838
2592.8094800814038
2580.202511432
2580.202511432
2580.202511432
2576.7892812568125
2566.4323486115895
2566.4025405224334
2562.2029583934213
2562.2029583934213
2562.2029583934213
2534.024664441923
2533.9944751320986
2533.413704865433
2533.413704865433
2532.9352538112776
2532.2233313829174
2531.584681577924
2528.3063501087045
2528.3063501087045
2526.4296942523456
2525.9226037232415
2525.033267107584
2523.901939458029
2523.8799496014067
2522.3039071452117
2520.6197650577924
2419.680350790162
2419.680350790162
2416.026903823714
2415.548798927482
2415.548798927482
2415.548798927482
2414.7295914863844
2405.936615956455
2393.2622087853224
2391.599464793384
2378.3887403029808
2378.3887403029808
2378.229803866733
2377.5464243627293
2377.1598600010057
2370.510493543532
2370.3613648555784
2367.615255906246
2360.6316951189146
2360.5605266546336
2342.7202137686013
2342.7202137686013
2342.7202137686013
2342.441034476642
2341.12601113225
2338.272439216611
2337.9927288167514
2333.2903805570363
2333.2903805570363
2288.7612370013608
2286.3201875502914
2283.4635972574647
2279.8217035549073
2279.7539340902563
2279.7539340902563
2279.7539340902563
2279.585488636037
2279.585488636037
2279.2268425937773
2278.4606645715876
2278.210481935328
2277.0779521131903
2268.9563680247356
2267.7590259990147
2219.2250899807345
2212.510338958894
2209.154815760996
2209.154815760996
2208.970801074564
2198.3013897097912
2198.3013897097912
2197.184106987851
2196.0730862154837
2191.900088963911
2191.900088963911
2191.900088963911
2191.7652702787314
2189.126081339309
2188.30985008979
2188.30985008979
2188.281060558721
2187.8793385376625
2186.197612294003
2186.197612294003
2185.753188262572
2185.6889074156916
2184.8578901155106
2184.0734877746218
2180.646005201211
2180.646005201211
2177.93801564691
2176.3246540900095
2176.1909383140073
2168.652807620436
2163.4497914210997
2163.4497914210997
2158.024327944428
2158.024327944428
2157.360424222156
2156.217057719375
2156.217057719375
2155.347999743893
2153.533607817626
2153.0141662330047
2148.324463390016
2148.324463390016
2148.0837972481427
2144.245554967994
2143.2179077266037
2142.799337315559
2127.8148415686924
2127.8148415686924
2126.436925939728
2126.436925939728
2119.106415449682
2102.6316843422674
2083.903068763036
2081.9824687062087
2081.922909235594
2081.922909235594
2079.1486238362086
2078.465299205161
2078.465299205161
2076.1476344422135
2076.1476344422135
2074.885057057378
2073.7265972157466
2073.136271449612
2073.136271449612
2070.9116350052213
2070.2524000710637
2069.998792270179
2069.998792270179
2065.1675476822697
2065.0484255823153
2064.369879648509
2063.740536017064
2063.2057580377195
2061.572700634154
2060.939834153341
2060.939834153341
2059.4552677832066
2055.319926434812
2055.319926434812
2055.020681161141
2053.507974174924
2053.507974174924
2051.3415122792208
2026.7325921295094
2023.6017394734567
2018.9056441547732
2017.0904788828884
2017.0904788828884
2016.5244853460124
2014.2589207944445
2014.1137008619946
2014.1137008619946
2000.6501443280881
1999.7412332599436
1999.7412332599436
1999.1133034423037
1997.6713943989887
1996.828986167819
1996.2001402665014
1980.9416952550623
1978.2896653422622
1974.7111181132293
1969.7327229855323
1969.7327229855323
1950.5289026312837
1950.5289026312837
1949.8351212346136
1941.8583882456517
1930.962713259891
1930.962713259891
1928.6321577740011
1927.9828837414507
1927.9828837414507
1927.2140514224152
1925.2963408265232
1918.2578033205025
1917.7666698532437
1917.4558665064496
1913.3925368308512
1913.3925368308512
1903.320782211974
1893.1949186494242
1893.1949186494242
1891.3518974532476
1891.0724470522011
1889.775383478153
1887.6652245565156
1886.6971140063793
1886.6716725493072
1886.6716725493072
1885.4187863708157
1885.4187863708157
1884.218670961521
1882.9856611243752
1882.2885007352088
1880.8096660746935
1867.5864103168024
1867.2675223438125
1864.5865493454573
1860.9879096866803
1860.9879096866803
1860.9879096866803
1858.5784890609275
1858.5784890609275
1858.2526738847976
1853.2255664111694
1851.708130348841
1851.708130348841
1851.708130348841
1850.3983354942795
1850.3983354942795
1849.2030715959781
1849.2030715959781
1848.3365494411455
1847.095287200961
1845.5971933225298
1845.5971933225298
1843.0108518399993
1843.0108518399993
1842.4266606842184
1841.6145090653472
1841.6145090653472
1839.6893759545387
1839.6893759545387
1839.3156335985404
1836.4953035605618
1835.5328926499792
1834.940598493586
1834.940598493586
1834.1169537409548
1830.5930732961926
1830.5930732961926
1829.6824861161022
1829.3583574576087
1826.1144542443117
1826.1144542443117
1775.7558953865253
1775.7558953865253
1775.7558953865253
1766.4925700381534
1758.6159330564476
1758.5974525172041
1757.736328349619
1757.736328349619
1755.7437170612345
1755.7437170612345
1753.082713393752
1750.8823489886463
1747.2172160323971
1746.5474514023374
1745.4873245028164
1744.9117456192448
1744.9117456192448
1744.6933828039814
1744.0871537856128
1743.5228705124575
1743.3516570101397
1743.3516570101397
1742.4439732743203
1742.0508029331406
1742.0508029331406
1741.125210890934
1740.6254622979638
1739.5292466641658
1722.43780729523
1722.43780729523
1721.7740850645882
1700.9800116403485
1700.9800116403485
1700.2241028758533
1698.766905728976
1697.3676678904899
1697.3676678904899
1697.3676678904899
1695.9230524997295
1694.4323533266236
1694.4323533266236
1694.3022162530508
1694.2951336765386
1694.1095005931581
1694.1095005931581
1693.8252566306833
1693.5123264978026
1693.5123264978026
1693.2770003753078
1693.0
1691.2938833922387
1691.2938833922387
1689.5014057407589
1689.4380722595308
1688.5168047727568
1687.8065647460908
1685.5743828143568
4747.922071812047
4701.932049700421
4701.932049700421
4570.800805110632
4570.800805110632
4570.800805110632
4513.546166818282
4447.692098156076
4447.692098156076
4433.481025108826
4412.846133732741
4391.375410961809
4376.705953111312
4333.603581316593
4292.1706629629725
4281.447418805935
4272.402485721587
4231.1575248388
4196.188151167677
4190.315859216343
4181.186314911116
4151.293894679104
4146.6617899221055
4128.435175705197
4102.658162703786
4094.2703867722266
4086.656457301005
4062.347966385942
4058.7177778209707
4036.0498014766863
4025.549279290964
4012.1884302709414
4009.2545441765105
3999.0961478814183
3989.7204162697917
3978.744399933225
3967.4077178933853
3964.3017039574574
3953.8206838449314
3950.1248081548006
3945.725408590922
3938.501110828839
3930.931060194264
3896.70091231031
3890.968131455204
3881.933925249115
3874.215533498362
3874.215533498362
3869.73875087195
3869.73875087195
3869.494152986925
3851.3511914651463
3851.3511914651463
3851.3511914651463
3848.205945632328
3838.1106028878326
3835.353178000691
3833.35597094765
3830.9176446381616
3822.9212652106767
3817.6770423910925
3812.1709038289455
3797.8206908699626
3797.8206908699626
3796.0432031261184
3782.5480829726407
3778.2420515366666
3767.385300178361
3755.8578247851715
3752.9213953931944
3736.6020660487784
3730.2042839501432
3728.9702331877093
3728.9702331877093
3727.142202814376
3714.8236835683065
3711.395155463778
3711.1363488829134
3706.62784751855
3689.3704069935834
3687.6836903400485
3672.1220023305327
3660.7271135663746
3655.8819729307456
3648.108413959212
3631.8803669724584
3631.8803669724584
3602.354507818463
3602.354507818463
3595.9329804655704
3585.095117287685
3580.508762731911
3580.508762731911
3577.627006830086
3570.248870877211
3539.539518072937
3532.3463873182086
3532.3463873182086
3523.6834420815953
3523.6834420815953
3516.2413170884615
3515.328291923814
3512.4564054234183
3497.5246961243893
3497.5246961243893
3478.5304368367974
3476.3715279008948
3467.571917062428
3467.571917062428
3467.481074209346
3463.6487985937606
3455.7810983915056
3437.141399477188
3437.141399477188
3432.151803169551
3429.271351176515
3425.593963096035
3423.6113973405336
3420.7237538275435
3349.9559698599023
3349.9559698599023
3341.1120903076567
3330.149846478383
3327.5139368603704
3327.5139368603704
3327.5139368603704
3327.2398470804596
3322.901443016329
3322.901443016329
3320.05542122417
3320.05542122417
3315.5103679524213
3314.759267277188
3312.321089508081
3303.2184305613214
3303.2184305613214
3303.2184305613214
3295.9848300621775
3292.9787427191204
3292.7245557440724
3288.4395995669433
3284.964535577211
3284.964535577211
3280.067224920855
3279.6935832482886
3275.997252746101
3275.997252746101
3274.4741562577647
3264.766913578977
3264.426136398249
3256.801958977549
3256.627703622261
3252.126996290274
3250.5391860428326
3243.4079299403584
3240.9251765506715
3240.9251765506715
3238.0214637954455
3238.0214637954455
3232.1279368242836
3232.1279368242836
3223.684848120238
3221.0198695444274
3217.3751724037406
3208.867557254428
3208.867557254428
3208.737602235496
3205.888488391323
3204.159640217697
3204.15636322574
3199.3477460257427
3199.3477460257427
3198.5473265218384
3182.335620263834
3181.0669593707075
3167.0481524599527
3166.505802931679
3164.910425272728
3143.416930666373
3134.395635525292
3131.453975392262
3120.147752911711
3107.87708894673
2925.5814806632884
2925.1738409879163
2907.221697772635
2907.221697772635
2906.061079881151
2895.1386840702467
2895.1386840702467
2893.9447126716154
2893.9447126716154
2888.652973273183
2886.3327943949917
2884.6755450136848
2884.6755450136848
2884.6755450136848
2877.962994897606
2858.824583635729
2854.6297483211374
2854.6297483211374
2790.422369463089
2790.422369463089
2771.5575043646486
2771.5575043646486
2768.6209563607654
2762.003258506405
2755.8661070523726
2755.8661070523726
2754.569839376014
2751.876814103422
2751.876814103422
2747.4358955214952
2743.938592607349
2743.6586886856026
2741.74178215236
2737.4016877323647
2735.970029075611
2734.370859996866
2734.222741475171
2734.222741475171
2732.8832759560005
2722.7840531338506
2722.5735986378772
2720.8415977414047
2719.7685563297478
2719.7685563297478
2719.7685563297478
2718.272061439031
2717.5568071339376
2717.5568071339376
2715.7313931977883
2715.673949501302
2715.673949501302
2710.4167576223404
2663.3321234874184
2662.208857321303
2661.4114676238996
2654.51728191775
2654.51728191775
2653.9120181347384
2602.3587377608033
2602.3587377608033
2562.4482433797566
2562.4482433797566
2554.029365532041
2554.029365532041
2551.0196000815044
2551.0196000815044
2551.0196000815044
2551.0196000815044
2549.0564921162495
2548.33298452145
2547.3772786927343
2544.5032914107223
2537.759838913052
2536.2237677302846
2534.3016789640496
2534.3016789640496
2528.5553187541695
2528.1002749099966
2528.1002749099966
2526.3774460677882
2495.842142444109
2495.7555970086496
2480.3302199505615
2480.0175402605523
2473.1302027996826
2473.1302027996826
2470.435184334938
2470.435184334938
2470.435184334938
2446.936043299865
2443.6793979571053
2443.6793979571053
2443.6793979571053
2442.8395362774036
2441.0479307051714
2441.0190494955177
2440.878530365655
2438.470627257995
2438.470627257995
2432.720493603817
2432.720493603817
2432.720493603817
2382.8384334654334
2376.699181638265
2376.0599739905556
2374.8928396877195
2374.793043614538
2373.4658202721184
2364.782865296516
2362.159605107157
2362.159605107157
2360.2934139636113
2360.218422095718
2348.2114470379365
2342.3612018644776
2342.3612018644776
2340.5501490034344
2340.5501490034344
2339.9108957394083
2338.8631853958454
2338.1841244863504
2332.8673344191693
2332.8673344191693
2323.0182952357477
2321.7749675625328
2320.3088156536405
2320.3088156536405
2318.1533598966225
2306.4316595121563
2305.824798201286
2302.580943202649
2301.9730667407907
2301.9730667407907
2275.6082703312536
2275.6082703312536
2252.0948026226606
2252.0948026226606
2241.975022162379
2215.733512857537
2215.733512857537
2215.3394773713576
2190.045889930163
2190.045889930163
2188.18440721983
2188.1364217068367
2186.9453582565798
2186.9453582565798
2186.9453582565798
2185.02906159163
2184.5621987025224
2184.5621987025224
2184.3525356498662
2184.043039868949
2183.6579402461366
2179.610515665586
2179.0534642362495
2177.7499856503273
2177.7499856503273
2176.1957632529293
2175.547057638607
2175.547057638607
2175.547057638607
2174.691932205571
2174.691932205571
2174.501552080384
2153.4741698009752
2153.288879830108
2136.484495614232
2136.484495614232
2136.462028681998
2136.0231740315926
2135.8138963870424
2135.7556039959254
2128.443327880731
2128.443327880731
2128.443327880731
2128.443327880731
2127.4931257233243
2126.872351599879
2126.2751468236656
2124.2092646441406
2124.2092646441406
2121.521388060936
2120.7048356619553
2118.631633861819
2116.4418253285394
2116.2781008175652
2115.085813861934
2112.4291704102175
2111.9540714703053
2111.9540714703053
2105.6179615495303
2105.5163262249953
2104.28277567441
2101.326009928017
2101.326009928017
2099.9447611782552
2099.021676877111
2099.021676877111
2097.734730608234
2096.8562182467354
2096.8562182467354
2084.958272963754
2084.8633048715687
2083.19274192284
2083.19274192284
2083.19274192284
2081.816034139424
2081.309443595546
2079.0228473973057
2078.779690106674
2078.180694742399
2078.180694742399
2077.9939845918707
2077.9939845918707
2076.8334068961813
2075.550529377688
2075.518007630866
2075.518007630866
2074.906744892406
2061.7036644484097
2061.520312778897
2060.6921167413634
2060.6921167413634
2060.531970147515
2059.664535792176
2058.1341064177523
2057.1686853537317
2055.143060713779
2053.6138877598196
2053.6138877598196
2053.6138877598196
2051.774597756781
2051.774597756781
2009.8549698921065
2005.6682178266674
2005.6682178266674
2002.8622019499994
2002.8622019499994
2002.285444186218
2000.437702104217
1968.118644797615
1968.118644797615
1962.1289458137046
1956.7043721523187
1956.7043721523187
1953.5055669232172
1952.6640776129416
1950.7749742089682
1950.7742052836356
1945.6615841404691
1944.5626757705702
1944.5626757705702
1944.3104176031152
1940.9018522326162
1940.9018522326162
1940.679262526397
1931.352375927293
1931.352375927293
1931.352375927293
1931.1791734585374
1928.6129730975056
1928.6129730975056
1928.6129730975056
1928.433820487496
1928.367962812077
1924.86908645757
1924.644642524952
1923.7941677840693
1921.898540506236
1921.8759065038512
1921.8759065038512
1921.32168051058
1919.651270413457
1919.651270413457
1919.651270413457
1919.5223364160158
1919.321494695456
1918.2755276549822
1916.8442816254012
1916.8442816254012
1915.521861008117
1914.3333043124962
1913.4262462922368
1912.2593966300701
1911.7588760092106
1911.2276159578691
1911.2276159578691
1911.1397123182805
1907.924788874027
1907.3043805329028
1901.5940681438822
1880.1021248857733
1880.1021248857733
1879.9960106340652
1879.9960106340652
1879.9074445301821
1879.5068502136405
1879.5068502136405
1879.5068502136405
1873.9703839708886
1873.295491907243
1873.1649687093766
1873.1265306967387
1872.5338448209689
1872.339178674633
1871.136285790001
1870.7650841300199
1869.6959645888953
1869.4993982347253
1868.5133127703425
1868.5066229478557
1865.85583580297
1865.833325889534
1864.629453805769
1864.629453805769
1864.629453805769
4738.109960733288
4614.361385934136
4609.593474483406
4588.03520038807
4577.284129262679
4539.976872187787
4455.713635322629
4359.63381489776
4359.63381489776
4310.8365777421905
4310.8365777421905
4261.449987973577
4261.449987973577
4234.670825459754
4230.36239582379
4223.176884763412
4194.025274125086
4168.278661510049
4167.284127582376
4146.531442060943
4107.032018380183
4107.032018380183
4086.0821088176876
4068.8494688302244
4027.7976612536036
4026.7360231333764
4019.5323111028724
3977.1688422796437
3966.4659332962888
3956.5583529122882
3892.2277682581735
3874.1547465221365
3871.338140746685
3844.6343129093566
3821.716368335044
3811.4471005118253
3809.0657647249936
3808.3934933249743
3802.501282051066
3795.317114550509
3794.5866705083968
3776.0419754022864
3768.858713191568
3747.508905926709
3747.508905926709
3733.9607657285314
3725.822727935402
3720.2095371094356
3684.220948857438
3672.074073326953
3656.4774031846555
3653.627512486734
3646.0833780921685
3645.7937407373993
3645.7937407373993
3634.573702650697
3607.758722531206
3604.229321228049
3604.229321228049
3602.435148618223
3583.9506134990197
3527.8748560571134
3504.0636409745757
3501.447129402356
3469.3672333726795
3426.966296887088
3377.636303689312
3374.473588576446
3370.2535512925433
3330.548603458595
3330.548603458595
3321.5585197313626
3321.2905624169653
3320.8637430644458
3286.239492185559
3284.4725603968745
3280.921669287458
3277.1995667032547
3272.1460847584417
3266.734608137
3266.734608137
3263.3933259722157
3255.504108429292
3250.191071306424
3240.5028930707654
3218.2617979275706
3218.2617979275706
3218.113267117862
3207.9939214406254
3207.9939214406254
3176.1612049768505
3176.1612049768505
3172.2085366507667
3157.6210982320217
3155.069888290908
3124.9030384957546
3084.6617318597514
3084.6617318597514
3062.9394378603047
3043.9029222365157
3043.9029222365157
3038.5832224903766
3028.0
3018.1845536679825
3012.647838696053
3012.647838696053
3003.5965108516157
2991.661077060702
2985.7347504425106
2985.7347504425106
2975.8454260932303
2975.8454260932303
2972.810454771713
2967.318654947594
2967.318654947594
2961.9174532724574
2959.781579779157
2958.615723611297
2951.634631860793
2951.2219503114297
2937.2432653765673
2934.071914592415
2926.373011083857
2917.1055860218703
2917.1055860218703
2913.7729836073368
2894.7823752399763
2894.0594327000267
2890.310190965669
2886.757350384684
2886.757350384684
2876.7059286621566
2870.6363406046403
2859.0703034378153
2859.0703034378153
2848.391300365875
2848.391300365875
2840.0267604373025
2840.0267604373025
2833.2377238770487
2833.2377238770487
2831.5463972889443
2828.2133936462433
2828.2133936462433
2828.0546317212475
2810.5590191276897
2810.5590191276897
2780.5859094802304
2780.5859094802304
2777.7382886081978
2774.391284588387
2767.626961857396
2749.3832035567543
2749.3832035567543
2746.921185618546
2730.206219317508
2730.206219317508
2727.4213095889677
2715.0825033504966
2715.0825033504966
2714.3968022380222
2714.3968022380222
2712.0411132576883
2712.0411132576883
2709.2910511792566
2707.1930112202936
2706.8505684651304
2704.198772279878
2703.8437454853047
2702.274412416326
2687.6493446876584
2634.3420430915953
2634.3420430915953
2632.6877900731033
2626.0036176669673
2614.279824349337
2497.204637189351
2493.8893319471895
2480.0447576606352
2480.0447576606352
2480.0447576606352
2479.8020082256567
2479.8020082256567
2479.418076888204
2458.2731744051553
2445.461919556303
2440.2936298732575
2436.48476293204
2435.291563653108
2393.139778617204
2389.551840827062
2382.499317943239
2382.499317943239
2382.047858461286
2382.047858461286
2374.307056806259
2356.5625389537195
2351.4370074488493
2351.4370074488493
2350.460593160413
2344.205835672286
2343.919153895885
2343.5244824835945
2342.117204582213
2335.1627352285323
2327.2898401359466
2327.2898401359466
2324.028829425315
2323.3329507412404
2315.9689117084454
2312.3870783240422
2312.3870783240422
2311.771615017366
2308.1832682869876
2308.1832682869876
2305.4795596578165
2302.6730119580593
2302.3594419638302
2302.259107919871
2302.259107919871
2299.152670006931
2295.603406514287
2295.603406514287
2295.601228436681
2291.9803664080546
2291.9803664080546
2291.9803664080546
2291.56758573689
2290.0183405379094
2288.779805922798
2286.2167438805973
2285.0203500187913
2283.249657834202
2267.532138691754
2261.9297071306173
2261.1570047212554
2261.1570047212554
2261.1570047212554
2259.527826781516
2254.181669697454
2252.4848501155343
2250.2715391703287
2250.2715391703287
2248.4785967404714
2248.4785967404714
2241.861503304787
2240.989513585461
2239.864951286126
2223.1851025049623
2223.1851025049623
2221.1373212838507
2221.1373212838507
2221.0934244196033
2217.2079289051803
2216.911590478971
2213.0314051092905
2211.576813045389
2198.1116896099707
2196.2458878732136
2196.2458878732136
2182.547364892684
2175.721029911693
2175.721029911693
2170.503858554506
2168.180112444536
2166.276990599309
2163.0344426291504
2162.096667589125
2161.1855542733947
2161.1272521533756
2160.240495870772
2160.240495870772
2159.213051090605
2153.988857909901
2153.988857909901
2151.721171527575
2151.721171527575
2129.1787149039415
2129.1787149039415
2129.1787149039415
2123.184400846992
2123.184400846992
2122.671430061657
2122.671430061657
2122.1990952782917
2120.7604768101464
2116.424106836813
2102.0459081570984
2102.0459081570984
2098.8699340359326
2092.2812908402157
2092.2812908402157
2090.13588075034
2090.13588075034
2090.13588075034
2079.172672002015
2079.172672002015
2078.5543052804755
2075.389601978385
2046.4337272435675
2046.4337272435675
2043.1852583649872
2043.1852583649872
2043.1852583649872
2043.1852583649872
2042.8597602380835
2037.1781954458477
2033.7942373799765
2033.7942373799765
2031.7977261528767
2031.4172392691758
2030.8352961281719
2030.8352961281719
2030.8352961281719
2027.5583838696236
2027.5583838696236
2026.552738025833
2024.0926362199928
2023.276550548639
2022.9822045682952
2019.8279629711042
2019.8279629711042
2019.6957691692082
2016.9883489995673
2015.5919725976287
2015.384330593051
2015.384330593051
2014.1814714667594
2007.3133786232781
2005.6106302071696
2005.6106302071696
2005.1750547022073
2003.5940207537055
2003.0703931714431
2000.4574476854038
1994.6658868091167
1987.1310978392946
1987.1310978392946
1987.1310978392946
1986.2625707594652
1986.2625707594652
1986.1001988822215
1985.8104139116604
1985.5800160154715
1985.2627030194267
1983.5332112167923
1974.863539589508
1974.0058257259527
1973.2815308515915
1973.2815308515915
1973.2554320209028
1972.5987934701775
1972.2938422050604
1972.2938422050604
1968.629218517291
1968.15751402168
1967.1263304627896
1962.4400627789885
1962.4400627789885
1962.4400627789885
1962.4400627789885
1962.4400627789885
1962.4033734174022
1962.4033734174022
1955.4168353576176
1955.4168353576176
1953.680117112318
1952.709655837242
1951.7451165559503
1951.6754340822145
1951.6754340822145
1951.4607349367807
1949.9533327749155
1949.8869197981712
1949.8869197981712
1948.5166152742963
1947.636002953324
1946.8633747646495
1946.253323696584
1946.253323696584
1945.2495983806293
1944.7837926103766
1942.3694293310941
1941.8084354539199
1938.3085409707094
1937.6916679389421
1937.6916679389421
1936.3104089995488
1936.248434473221
1935.0607225614394
1935.0607225614394
1935.0607225614394
1934.9956072301559
1934.311763909841
1933.6168182967378
1933.6168182967378
1932.9242095850525
1930.4416593101175
1930.4416593101175
1930.0316059588247
1929.6520411721901
1925.6635220100109
1925.6635220100109
1925.6635220100109
1925.6635220100109
1924.4238098714118
1924.4238098714118
1924.4238098714118
1922.9758188807264
1921.73437290381
1921.73437290381
1921.6326391899156
1920.5754346028693
1919.437678071367
1918.5147901436674
1918.5147901436674
1918.5147901436674
1915.6145228098476
1913.526325922902
1913.526325922902
1907.4836827611396
1907.4836827611396
1907.4836827611396
1884.5277923129709
1884.5277923129709
1884.5277923129709
1883.409673968996
1882.7952623692254
1882.5854562276847
1880.518811392218
1880.518811392218
1880.2946577597884
1879.911168114068
1878.1525497147456
1878.1525497147456
1877.253046341915
1876.9517841436418
1876.9517841436418
1876.2291970865392
1876.2291970865392
1876.2291970865392
1875.9477604666927
1875.3415688881853
1874.3846990412615
1874.3846990412615
1872.8876100823563
1872.8876100823563
1872.8731937854202
1872.8344828094125
1872.8344828094125
1872.2037816434406
1872.2037816434406
1871.060661763803
1868.8563347673357
1865.6309924526877
1864.761646967247
1864.223699023269
1862.4596639927533
1862.0271211773475
1861.8429042215134
1861.2740260370047
1861.2740260370047
1860.8331467383098
1854.1550636341071
1854.1550636341071
1854.1550636341071
1853.6259061633768
1853.117643324352
1853.0666474792536
1853.0609811876132
1852.6351502656964
1852.5428470078634
1851.2728053963306
1851.1971802052853
1851.1971802052853
1850.618275063769
1849.1011329832666
1848.8180007777942
1848.3884873045492
1847.969426154015
1847.734829460115
1847.1548392054196
1846.959393164885
1846.959393164885
1846.959393164885
1844.6853390212652
1844.5102330971222
1844.5102330971222
1843.9102472734403
1843.19613714873
1843.19613714873
1840.2651982798566
1840.2651982798566
1840.2279750074445
1839.7059547655979
1835.2645585854918
1835.1185247825274
1835.1185247825274
1831.03085719493
1831.03085719493
4995.295486755514
4785.185158382066
4767.0886293418125
4694.005219426156
4626.050907631692
4614.082574033542
4571.839126653518
4548.874915844576
4523.588840732544
4471.160811243541
4471.160811243541
4385.744406597357
4380.461162937071
4380.461162937071
4380.461162937071
4370.794550193363
4358.431828077617
4334.924220790947
4325.279297340231
4313.734113271239
4306.632094804478
4290.312226400311
4278.341968566795
4269.340112944857
4255.83470073733
4241.576122150821
4216.979013464496
4208.653703977081
4182.642227109558
4174.26879824479
4132.277580221348
4132.277580221348
4111.888252372625
4111.367655659124
4110.094767763877
4102.915304999605
4092.3810917362034
4075.126746495132
4070.3453170462085
4059.7604609139194
4046.1175217731875
4044.414049031083
4019.8745005285923
4019.8745005285923
4015.1586519090374
4002.768292069877
3993.0087653297232
3993.0087653297232
3992.4000300571083
3981.9192608590142
3981.9192608590142
3973.0274350927907
3973.0274350927907
3959.978409032049
3955.4260200388026
3946.2578476323615
3939.1940800117986
3935.253740230736
3914.8245171399444
3903.1634605791237
3902.6945819523207
3902.6945819523207
3900.2031998345933
3895.6392286760847
3881.6946041645265
3881.6946041645265
3876.604184076574
3873.1129598812377
3873.1129598812377
3853.523841888097
3853.523841888097
3853.523841888097
3848.60987890433
3842.1085356871426
3841.8656926030094
3827.8807452688493
3815.8992387116305
3815.8992387116305
3815.8992387116305
3814.767882846871
3803.496680687391
3802.4160740245143
3791.4381176540387
3791.4381176540387
3789.757248162473
3771.1080599738852
3755.0363513553366
3755.0363513553366
3743.6960346694814
3733.9325114415233
3733.9325114415233
3722.632670570654
3720.487333670147
3706.6673711030508
3706.6673711030508
3696.1059238068383
3696.1059238068383
3690.12533662476
3677.550271580254
3677.550271580254
3672.5135806420103
3663.545823379312
3662.1538744296367
3653.5597709631083
3651.4725796587873
3648.977528020692
3645.472808841125
3645.472808841125
3645.4242551450716
3639.7203189256174
3631.191264585219
3628.24778646663
3620.945456645267
3620.945456645267
3617.8108021288235
3617.1039520588843
3610.7402288173544
3606.992791786532
3606.0253742867644
3593.3693102713505
3593.2578532579596
3586.1154471098666
3582.890453251397
3582.199324437433
3577.8619313774534
3576.358063729078
3574.2863623386415
3572.7496413826702
3567.18880913248
3566.1592785516464
3565.9153102674773
3565.8606254311176
3558.518933489044
3557.22518263885
3557.22518263885
3557.22518263885
3557.046668234759
3549.951408118145
3541.9743082072177
3540.9937870603503
3537.9403612836663
3537.9403612836663
3527.5325654060234
3527.383307779295
3526.1086199945685
3525.132905295912
3524.4134263732453
3522.3145799317813
3517.6327267069823
3516.223542381798
3507.8239693576415
3507.8077199299278
3507.8077199299278
3507.8077199299278
3503.241784404839
3501.702871461255
3499.4845334706083
3495.6402846974975
3495.6402846974975
3486.9426436349654
3477.00819671165
3466.914189881255
3464.7516505515946
3461.8382400106448
3461.8382400106448
3461.8382400106448
3460.0823689617564
3457.6930170273936
3457.6930170273936
3457.4082778867755
3453.1781014016638
3453.1781014016638
3451.554577288327
3447.545068595913
3447.32824082651
3445.755940283641
3442.1198410282
3440.11264350457
3433.2523938679487
3432.940867536171
3432.940867536171
3429.4654102352456
3429.4654102352456
3428.1540222107874
3427.4664112139744
3389.454085837423
3374.028008182505
3374.028008182505
3373.274225437357
3334.280282159855
3316.493479565428
3316.493479565428
3316.493479565428
3313.21882766593
3313.21882766593
3313.21882766593
3310.1451629800167
3310.1451629800167
3310.1451629800167
3310.1451629800167
3294.3654927770235
3294.3654927770235
3294.258490161329
3180.840769356429
3180.683731526918
3164.427752374827
3164.427752374827
3159.523698281119
3159.523698281119
3159.523698281119
3159.1614393696314
3158.7875838682157
3083.55849628315
3083.55849628315
3083.55849628315
3083.0043788486582
3081.584657282678
3069.19973282939
3068.068284768121
3067.624814086625
3065.735474563975
3065.735474563975
3064.8523618601926
3063.029219579859
3060.923226740586
3054.843367506753
3054.628782683749
3053.953994414454
3052.9552895514207
3052.7869234520776
3051.840264496161
3051.840264496161
3051.4327782207492
3049.073793793781
3031.130152269942
3029.1861943432928
3024.952892195183
3011.962815175513
3011.962815175513
3011.962815175513
3009.640177828572
3009.1158169801306
3008.8306698782503
3007.17309112728
2979.9122470301036
2979.9122470301036
2976.992945910353
2975.8418976820662
2975.5838082635146
2951.7479567198825
2951.7479567198825
2950.7239789583846
2947.9815128321275
2946.6518287710883
2945.3402180393355
2945.3402180393355
2944.4855238224554
2944.4855238224554
2943.4094176651674
2943.2906754175674
2943.2809923620953
2933.1798444691385
2931.6072383591904
2928.94964108296
2922.443840350059
2917.2135677731926
2916.9667464679815
2915.68190994834
2915.68190994834
2907.7940092104186
2907.3317664140086
2905.5970126636626
2893.6248893040715
2890.944655298679
2890.944655298679
2881.2190128485545
2878.527227594
2878.1165716488968
2878.1165716488968
2876.334299068869
2876.334299068869
2802.6375077772723
2800.4380014562007
2800.4380014562007
2800.4380014562007
2800.4380014562007
2800.0257141676398
2796.0885179121206
2796.0885179121206
2793.6336552955545
2790.2738216884736
2789.703747712291
2788.0342537350575
2788.0342537350575
2787.731873764046
2779.3911203715106
2779.3911203715106
2776.5896347858106
2776.5896347858106
2775.654877682022
2720.9977949274416
2720.993936046165
2681.023125599628
2680.6017981042987
2679.824434547905
2679.824434547905
2679.087717862183
2679.087717862183
2678.0786022818675
2677.850630636444
2674.440502235935
2674.440502235935
2673.970456082116
2669.6243181391646
2669.4332731874006
2668.8830997254263
2668.8830997254263
2668.0612811552887
2667.8622528159135
2667.5715548041067
2666.982189666815
2664.623988483178
2664.623988483178
2663.1252317530993
2661.7131701218295
2661.7131701218295
2647.755653378914
2645.60427879908
2645.0446121001437
2643.291887022695
2641.9449275107913
2641.9449275107913
2640.0715899384245
2640.0715899384245
2639.7602163832985
2639.7602163832985
2638.9420228568874
2638.408232249134
2637.7202277724605
2637.7202277724605
2636.3021450509045
2635.6993379367077
2635.496158221446
2634.800182177009
2634.3908214234275
2633.414133781468
2633.4033113064925
2631.8054639353572
2631.8054639353572
2630.7789720917262
2630.7789720917262
2630.5940393758974
2630.4915890380644
2629.5573772024827
2628.552643566417
2628.388860119446
2626.673752105503
2624.131475364754
2624.131475364754
2623.6998685063045
2608.9869681544983
2608.9490221159936
2608.3268583519207
2608.161804796627
2606.6039208134403
2590.316969021359
2590.316969021359
2590.0065636982467
2587.5915442743276
2587.4129937062617
2568.707262418199
2568.707262418199
2566.8262504501545
2566.159387099718
2565.495663609666
2565.134109554508
2565.134109554508
2563.455285352175
2562.2884302903917
2561.926423611732
2561.387709816692
2560.765510545626
2560.241199574759
2560.241199574759
2559.8316350885266
2557.4854838297715
2557.4854838297715
2557.4854838297715
2556.7825484385644
2456.496692446379
2456.1113574103274
2455.7375674122836
2455.308738224177
2455.308738224177
2449.159651798959
2391.7136116182473
2391.7136116182473
2390.013389083835
2390.013389083835
2389.926777121006
2389.4271279953277
2388.100919140563
2388.0588351211113
2387.218255627248
2387.0548799723897
2386.0735529316776
2386.0735529316776
2385.0555549085225
2385.0555549085225
2385.0555549085225
2383.638395394738
2383.638395394738
2383.5286866324896
2381.4287728168565
2380.567789414954
2380.567789414954
2380.1875976485553
2380.1875976485553
2378.4610570703067
2377.9322950832725
2377.167852718861
2376.6686769509965
2376.0109427357443
2376.0109427357443
2374.882523410369
2374.882523410369
2373.842665384545
2373.245457174626
2373.245457174626
2373.245457174626
2373.245457174626
2318.0895150964297
2318.0895150964297
2318.0895150964297
2314.9889848550038
2314.9889848550038
2310.2709797770476
2310.2709797770476
2310.1372253612985
2308.364789196023
2308.364789196023
2307.478060567424
2307.478060567424
2307.13176910206
2306.418218797276
2306.418218797276
2306.418218797276
2306.418218797276
2306.417568438118
2294.1510412350794
2294.1510412350794
2293.3257509564573
2293.2452986978956
2292.1121264021967
2292.0656622357046
2291.909247767023
2290.8841088103954
2290.571762682846
2289.9489077269823
2262.5971802333706
2261.188625479971
2261.188625479971
2261.188625479971
2259.97765475679
2259.672321377593
2259.672321377593
2259.532252480588
2259.532252480588
2258.4426049824688
2257.749100320937
2254.282369180933
2253.856472803892
2251.4080038944517
2251.3973438733556
2250.920922644774
2250.081776291697
2249.757097999693
2249.506390299881
2249.506390299881
2249.506390299881
2248.9381939039586
2248.7947883255156
2248.7947883255156
2247.8227243268097
2246.641270875259
2215.315101740608
2212.46672291359
2209.6581183522485
2208.651398478266
2206.162278709343
2205.6901414296613
2204.1057143431212
2204.1057143431212
2202.7339830310875
2176.6336393614797
2176.0705411360177
2176.0705411360177
2175.2156214959473
2174.4879857106594
2174.4879857106594
4450.490085372621
4430.349986174907
4410.75004959474
4351.315778014738
4291.145884259821
4237.412771963572
4210.235622860079
4203.655789904782
4173.997963583595
4147.888257897023
4109.603630522049
4093.2647116940775
4032.01190474433
4025.880028018719
4016.1193956355432
3987.474890203072
3987.474890203072
3969.8458408356364
3953.1125711267064
3941.1663248332975
3929.3088450769555
3919.577145560475
3909.4640297616247
3832.0014352815683
3828.3295312707864
3828.3295312707864
3804.387072841038
3795.6306458874524
3792.089661387241
3791.0836181756795
3785.1435904071063
3778.241257516518
3735.9629280815943
3722.0291508799337
3708.851574274711
3689.882247443677
3661.3810236029794
3657.3759719230397
3654.5860230674552
3627.594106291386
3627.248957543444
3618.5166850520395
3616.031941230608
3612.026162695946
3610.022022093494
3610.022022093494
3596.3457842649113
3580.2377016058585
3578.596372881412
3577.119371785068
3567.6904293954653
3551.6479273711802
3547.2314556566507
3529.4304073037056
3515.8565101551003
3490.0577359121153
3483.15848045994
3480.4278472624596
3443.6116215392235
3443.6116215392235
3431.2678414836696
3429.62067873402
3427.7775598775365
3421.9453531580543
3407.9238547831433
3407.1894576028494
3405.4755908683296
3385.897665317131
3374.83362552882
3358.2742591992096
3354.5652475395377
3351.326155419672
3326.563842766286
3312.9163889238134
3312.9132195093794
3303.933413372612
3295.1740469966076
3276.347661650088
3267.5163350777607
3267.5163350777607
3250.9992310057532
3250.9992310057532
3250.456429488019
3235.7708509719905
3235.7708509719905
3220.7168456727145
3220.7168456727145
3208.9166396153078
3204.0621092606802
3204.0621092606802
3187.1984563249275
3187.1984563249275
3179.6979416290474
3173.0356127847035
3173.0356127847035
3173.0356127847035
3121.863866346513
3121.863866346513
3121.863866346513
3093.0659546799193
3087.339469510925
3085.554407233812
3080.7724680670594
3063.0666006471356
3063.0666006471356
3062.9635975636406
3062.7548057263743
3057.7522790442003
3050.258513634541
3049.2559748240224
3038.5287558290443
3027.7447052220236
3023.9327042776595
3023.23006071321
3017.6354982005364
3017.6354982005364
3012.530331797507
3012.530331797507
3008.6277602920572
3005.4889785191363
2999.053517361769
2998.6785422915873
2993.4249614780724
2983.5951467985733
2983.5951467985733
2983.5951467985733
2977.7590567404877
2977.7466312633114
2977.0780977327418
2971.70557088013
2971.70557088013
2966.2906128698855
2965.9715103149592
2962.3338771988547
2961.778857376087
2958.580909828224
2956.591787853034
2948.3485207824397
2936.5023412216105
2935.8625649032006
2935.8625649032006
2930.097268010057
2928.5969336868466
2928.363023943582
2928.363023943582
2928.363023943582
2926.5305397347215
2922.5052609020227
2922.5052609020227
2921.803723729573
2919.1644352451267
2913.2886914962614
2910.588600266276
2910.588600266276
2909.999656357368
2908.5198985050797
2906.136266591778
2905.8203660928525
2903.045125381278
2902.44569285973
2901.1616638856926
2900.6139005389878
2889.9401377883246
2889.9401377883246
2887.4485276797577
2885.9587661642013
2882.6989090087086
2882.6989090087086
2881.9489933029695
2880.743480423066
2880.743480423066
2877.549999565603
2876.82741922417
2876.1331679878804
2874.087159429929
2873.016881259141
2872.9550988485707
2872.5572231027877
2857.734067403753
2855.140451886737
2851.7422744701175
2850.2066591740327
2849.971754245996
2849.089503683589
2848.6653015052507
2848.586316052227
2847.9901685223563
2847.3617613503206
2812.6299081109123
2806.2909685205486
2802.5361728263206
2802.5361728263206
2802.5361728263206
2802.5361728263206
2799.08717263325
2791.08061510233
2791.08061510233
2786.23204345941
2785.3764557057634
2784.99802513395
2784.1512171575737
2784.1512171575737
2782.3842293975144
2782.3842293975144
2782.3842293975144
2780.554800754698
2780.554800754698
2778.9492618613963
2777.7346885546863
2652.4452869003726
2652.4452869003726
2648.492590135
2646.2981691411874
2646.2981691411874
2646.2981691411874
2645.1296754601653
2645.1296754601653
2645.0879002407464
2643.8441708996393
2642.5743130515743
2642.5743130515743
2639.3982268691475
2637.7302743078185
2637.7302743078185
2637.7302743078185
2637.3048742987603
2633.1507742626513
2632.749703257034
2629.2917297249464
2629.2917297249464
2628.608186854785
2628.1978616534943
2626.4479815903455
2626.4479815903455
2625.6698193032576
2619.3628996380016
2619.3628996380016
2619.3628996380016
2617.122465609892
2616.9505153900027
2613.772560878241
2612.115234824069
2612.115234824069
2612.115234824069
2566.308438204574
2566.308438204574
2563.7458922443934
2563.608394431568
2563.608394431568
2562.757499257392
2559.669119241782
2559.669119241782
2558.9683468147864
2558.9683468147864
2534.581030466377
2534.581030466377
2530.68073845754
2527.52863485263
2526.987138867153
2521.4838885069244
2521.4838885069244
2519.785109885365
2519.745820514442
2518.6845773141185
2516.7057833604626
2516.332251512109
2516.332251512109
2516.0270268818654
2516.0270268818654
2515.876984274072
2514.9248497718577
2514.9248497718577
2513.5858847471277
2512.135346672229
2511.7750695474306
2510.311733629909
2510.311733629909
2508.4246052054264
2508.380951928953
2506.802943990612
2505.28461456977
2493.3744203388305
2489.8489914049005
2489.8489914049005
2487.421355540713
2486.4273566706106
2485.775130618214
2485.2335906308685
2483.242235465562
2483.242235465562
2483.242235465562
2483.242235465562
2480.1780178043673
2480.1780178043673
2480.003830642203
2478.820687343076
2478.820687343076
2476.8845350560855
2474.7826167160624
2474.7826167160624
2473.777475845392
2472.363646391849
2472.3454451188654
2472.0093041896102
2471.0473487976715
2471.0473487976715
2469.301115700554
2469.301115700554
2468.6409216408933
2467.8861399991692
2466.7468455437415
2466.7468455437415
2466.740156562908
2463.949471884519
2463.949471884519
2463.949471884519
2463.274649729502
2463.274649729502
2449.7501913460483
2449.078398091821
2448.2064863895775
2448.2064863895775
2448.1390891859064
2447.9613967544506
2447.9613967544506
2447.9613967544506
2447.678083408846
2447.526302208007
2447.199215429753
2446.8545114084736
2446.6838782319223
2445.170341714458
2377.2528262681694
2376.734524510468
2376.675619431478
2376.0921699294413
2375.183782362956
2373.933865970154
2373.7310294134
2373.7310294134
2373.7310294134
2348.659617739446
2348.659617739446
2348.4629015592304
2343.4651693592546
2343.4651693592546
2343.4651693592546
2343.4651693592546
2340.6381608441748
2340.6381608441748
2340.1093991520993
2339.9743588338742
2339.3971445652405
2339.070755663454
2338.250414305534
2337.2911671419974
2337.2911671419974
2337.2911671419974
2337.2911671419974
2337.1805664090225
2335.8255499929783
2335.4164510853307
2335.4164510853307
2335.4164510853307
2333.962724638078
2314.0209592827805
2314.0209592827805
2314.0209592827805
2310.0231600570587
2307.743486611976
2307.531148218806
2307.318356880992
2307.0416121084595
2306.7490110543017
2306.7490110543017
2305.882694327706
2305.207365943463
2303.0909665056656
2300.516246410792
2299.676716410374
2299.676716410374
2299.042409352207
2297.1702157219434
2295.330259461588
2295.330259461588
2295.330259461588
2288.6854305474135
2206.9793836825934
2206.9698683942197
2203.9975045357924
2199.521993524957
2199.1830301273244
2197.9990900817043
2197.883072413089
2197.799126398953
2197.7188173194495
2196.970414001973
2196.7767296655343
2196.2998429176287
2195.410895481755
2169.9458518589813
2169.9458518589813
2168.8775899068164
2166.7367168163278
2166.7367168163278
2166.4847103083835
2166.4847103083835
2166.4847103083835
2166.4847103083835
2166.1410388061067
2165.822707425518
2141.0049042447336
2141.0049042447336
2140.5859011027796
2140.5859011027796
2140.055373115378
2139.540371201254
2135.7090157603398
2135.7090157603398
2135.4034747560004
2122.514075336133
2117.2874155390427
2117.2874155390427
2117.2874155390427
2116.658451427627
2116.658451427627
2116.658451427627
2116.332440804138
2116.2088743788972
2115.8095377419963
2114.793370521101
2114.793370521101
2114.575607539253
2114.575607539253
2114.4148126609407
2095.5524331307006
2095.5524331307006
2093.896845596745
2092.5775971275234
2092.5775971275234
2092.485603295755
2092.1080278035356
2089.638006928473
2027.4520956116326
2027.4520956116326
2026.1937222289482
2025.7991015892962
2024.3571819222022
2023.777655771503
2023.777655771503
2016.1798034897581
2015.1855993927707
1989.0188536059682
1988.6304332379107
1988.6304332379107
1988.6304332379107
1910.3510148661162
1908.16220484528
1904.1544055039235
1904.1544055039235
1903.5453763963706
1899.6726033714335
1899.6726033714335
1899.6726033714335
1899.6726033714335
1895.3535290282919
1895.3535290282919
1895.3535290282919
1895.2403541503647
1892.7633238204928
1892.7633238204928
1892.7633238204928
1892.4930647164865
1892.4573971426676
1891.563903229283
1891.563903229283
1891.563903229283
1888.9454730086838
1888.9454730086838
1888.9454730086838
1887.7796481581213
1887.3688033874037
1886.6117777645723
1886.0853639217924
1886.0853639217924
1886.0853639217924
1884.9177700897194
1884.5930595224
1867.5861425915539
1867.2833207630813
1866.5280603301949
1866.5280603301949
1866.5007366727718
1866.096460529305
1866.096460529305
1866.096460529305
1866.096460529305
1865.2820162109535
1863.7435445897593
1863.7435445897593
