4874.8984604809975
4874.8984604809975
4874.8984604809975
4874.8984604809975
4874.8984604809975
4874.8984604809975
4853.683549635267
4853.683549635267
4841.223812219386
4798.779844918914
4798.779844918914
4725.977888225885
4689.962259976086
4621.8848968791945
4621.8848968791945
4592.373242670939
4592.373242670939
4550.932871401204
4531.214627448141
4475.678272619693
4475.678272619693
4414.409586796404
4396.312659490905
4329.5316143897135
4329.5316143897135
4325.406917273795
4324.79340547037
4254.620899680723
4245.723259940525
4222.835303442464
4222.835303442464
4212.122030520958
4205.805986966113
4146.357075795571
4121.4549615396745
4111.233026720815
4044.7755191110423
4044.7755191110423
4044.7755191110423
4038.4416548961062
4003.3356092138965
4003.3356092138965
3987.9863339785907
3955.5346035649845
3950.820547683734
3911.395658840972
3886.569438463695
3886.569438463695
3840.6591882123566
3803.00315540232
3803.00315540232
3779.839282297595
3779.839282297595
3779.839282297595
3760.800845564678
3757.9499730571188
3745.97837687299
3728.931348255154
3728.931348255154
3699.146252853488
3699.146252853488
3666.0680571969747
3659.985245871901
3649.905889197693
3649.905889197693
3626.0019305014166
3610.0355953923777
3597.7091322117744
3578.185154516183
3578.185154516183
3574.0737261561912
3562.135314667313
3560.9010095760877
3527.757077804536
3527.757077804536
3507.2060104875504
3491.309353236977
3482.1107104743237
3482.1107104743237
3482.023262415115
3455.735088226527
3443.700335395053
3429.362185596616
3429.362185596616
3425.6596445064415
3392.4815401118985
3376.952176149375
3366.622788492943
3356.314943505749
3352.599588379143
3348.1944387983203
3348.1944387983203
3337.5070037379696
3337.5070037379696
3297.005914462393
3297.005914462393
3297.005914462393
3276.40107434972
3274.8993877675084
3263.1336166329443
3263.1336166329443
3263.1336166329443
3263.1336166329443
3233.2653772927456
3233.2653772927456
3222.851377274478
3209.5273795373673
3173.5321016180064
3173.5321016180064
3173.5254843785324
3172.4777382985685
3153.9936588395353
3153.9175639195137
3148.3991170116915
3116.0311294979065
3116.0311294979065
3116.0311294979065
3088.474218768873
3061.926844325318
3037.6691722437454
3037.551810257728
3028.1855953689496
3028.1855953689496
3028.0510233481864
3010.4416619492895
3005.9045227684796
2993.466886404458
2993.177909847659
2991.329303169412
2988.5469713558127
2988.5212062155424
2964.8684625122914
2964.8684625122914
2957.6806791809017
2951.844169328727
2949.1634407065335
2948.672074002126
2947.5506781054673
2942.969248904922
2935.5975541616735
2930.805691273306
2926.0895406668606
2926.0895406668606
2921.952429455346
2917.9710416657667
2906.208526585799
2899.6979153008338
2899.6979153008338
2899.6979153008338
2899.6979153008338
2899.6979153008338
2894.206799798522
2885.611200421845
2885.611200421845
2855.7839554139946
2855.7839554139946
2839.3192846173533
2839.3192846173533
2839.3192846173533
2839.3192846173533
2839.3192846173533
2835.563788737612
2835.563788737612
2831.0589891416957
2827.029182728753
2816.1502090620097
2816.1502090620097
2805.122100729307
2805.122100729307
2805.122100729307
2805.122100729307
2799.7692762083093
2793.037414715385
2788.601262281863
2788.601262281863
2788.601262281863
2788.601262281863
2780.2685122124444
2775.293678153719
2775.293678153719
2775.293678153719
2775.293678153719
2766.5117024874485
2766.5117024874485
2766.5117024874485
2765.487298831799
2765.487298831799
2760.871058198843
2760.871058198843
2760.871058198843
2755.0747721250686
2734.7433151943164
2734.7433151943164
2730.9967045018566
2730.9967045018566
2723.983663680823
2723.983663680823
2723.983663680823
2723.983663680823
2723.983663680823
2723.983663680823
2723.983663680823
2721.4709258046464
2721.437855252256
2721.437855252256
2719.303403447287
2719.303403447287
2719.303403447287
2718.81904510028
2714.9138107866333
2708.4892467942345
2708.4892467942345
2708.4892467942345
2708.4892467942345
2706.654392418803
2706.654392418803
2706.654392418803
2704.165305598014
2701.1392041137015
2701.1392041137015
2701.1392041137015
2701.1392041137015
2700.6891713042432
2700.473662156326
2699.62126973396
2699.62126973396
2697.725152790773
2697.6663989455774
2695.3975588027824
2695.3975588027824
2693.5931392844022
2692.2462740247224
2686.6287424949505
2686.6287424949505
2686.6287424949505
2686.6287424949505
2639.850563952437
2639.850563952437
2639.850563952437
2614.19490474601
2614.19490474601
2614.19490474601
2614.19490474601
2614.19490474601
2610.2340891192116
2610.2340891192116
2610.2340891192116
2610.2340891192116
2610.2340891192116
2610.2340891192116
2608.512411317991
2602.85919711382
2602.85919711382
2602.85919711382
2602.85919711382
2602.4413538060758
2602.4413538060758
2599.217189847743
2599.217189847743
2598.9145811280523
2593.702951380516
2590.986684643516
2587.7194592922933
2583.268859410495
2583.268859410495
2582.4811712769565
2582.394237911787
2580.7239294430547
2580.7239294430547
2576.2490174670615
2573.2242420745224
2573.2242420745224
2573.2242420745224
2573.2242420745224
2573.2242420745224
2573.2242420745224
2573.2242420745224
2573.2242420745224
2573.2242420745224
2572.5211369394033
2572.5211369394033
2571.7303513393467
2571.7303513393467
2571.7303513393467
2571.7303513393467
2571.4136190041463
2568.8577228021018
2568.656847459388
2565.671062314887
2563.764224728943
2563.764224728943
2563.764224728943
2563.764224728943
2563.764224728943
2563.4026215169556
2563.4026215169556
2560.5138156237313
2560.5138156237313
2560.5138156237313
2560.5138156237313
2560.5138156237313
2554.8434394302913
2554.0661698554327
2551.7390148680956
2551.7390148680956
2551.0129360706896
2551.0129360706896
2550.940022815119
2550.2703778227124
2548.087714345799
2548.087714345799
2548.087714345799
2547.0420098616355
2547.0420098616355
2544.401501335825
2544.401501335825
2544.401501335825
2544.401501335825
2542.470648798133
2542.470648798133
2540.6678255923184
2540.6678255923184
2538.090226922597
2538.090226922597
2537.5519699111583
2537.5519699111583
2537.5519699111583
2537.4715761954853
2537.4715761954853
2537.4715761954853
2537.4715761954853
2536.491671581044
2535.103153719785
2533.7951771996095
2533.7951771996095
2532.6209744057637
2532.6209744057637
2525.376605577869
2525.376605577869
2523.9904912657653
2522.0362804686215
2522.0362804686215
2522.0362804686215
2522.0362804686215
2522.0362804686215
2522.0362804686215
2522.0362804686215
2522.0362804686215
2522.0362804686215
2520.859773966017
2520.593977617181
2520.593977617181
2519.369762460445
2518.7445285300373
2518.7445285300373
2516.918949827348
2516.918949827348
2516.918949827348
2513.070631717302
2513.070631717302
2512.2597397562217
2511.2660153794936
2511.2660153794936
2511.2660153794936
2511.2660153794936
2511.2660153794936
2511.2660153794936
2510.829743331873
2510.829743331873
2509.9669320530897
2509.9669320530897
2509.7856482177917
2509.7856482177917
2509.7856482177917
2509.7856482177917
2509.7856482177917
2508.5463918373125
2508.5463918373125
2508.5463918373125
2508.5463918373125
2508.5463918373125
2508.5463918373125
2508.1863965822
2508.1863965822
2508.1863965822
2508.1863965822
2508.1863965822
2507.875595000677
2507.875595000677
2507.8349227969534
2507.8349227969534
2507.8349227969534
2507.720877609787
2507.720877609787
2506.6417773587036
2506.33557210522
2506.33557210522
2502.98641626358
2499.1864676330174
2497.073887573213
2497.073887573213
2497.073887573213
2497.073887573213
2497.073887573213
2492.6520013832655
2492.6520013832655
2492.6520013832655
2492.4538110063345
2492.4538110063345
2492.179969424359
2492.179969424359
2492.179969424359
2492.179969424359
2492.179969424359
2490.4172341196163
2489.9259025119604
2489.283029307837
2489.283029307837
2489.033145621006
2484.823534981911
2484.1737056816296
2484.1737056816296
2484.088766529892
2482.6582527605365
2481.396784071423
2481.396784071423
2481.396784071423
2481.396784071423
2481.396784071423
2481.396784071423
2481.396784071423
2481.396784071423
2481.396784071423
2480.275589526293
2480.275589526293
2480.275589526293
2480.275589526293
2480.275589526293
2480.275589526293
2480.275589526293
2480.275589526293
2480.275589526293
2480.275589526293
2479.897981772637
2479.746357997124
2479.746357997124
2478.659113311066
2478.659113311066
2478.1658540138105
2478.1658540138105
2478.1658540138105
2478.1658540138105
2476.449676452158
2476.449676452158
2476.449676452158
2476.449676452158
2476.449676452158
2476.1280257692656
2474.5027783374985
2474.5027783374985
2474.5027783374985
2474.5027783374985
2474.5027783374985
2474.5027783374985
2474.5027783374985
2474.5027783374985
2474.5027783374985
2474.5027783374985
2473.076626390699
2473.076626390699
2473.076626390699
2472.6465578404045
2471.671499208582
2469.626489977786
2469.626489977786
2468.6868979277224
2468.6868979277224
2468.6868979277224
2468.6868979277224
2468.6868979277224
2468.6868979277224
2468.6868979277224
2465.60560512017
2465.60560512017
2465.5390891243237
2465.5390891243237
2465.087219552282
2464.507252981821
2464.507252981821
2464.507252981821
2464.2686541852536
2464.2686541852536
2462.4424866380127
2458.50971118684
2458.50971118684
2458.50971118684
2458.50971118684
2458.50971118684
2458.50971118684
2456.5797361372174
4578.609505079025
4578.609505079025
4578.609505079025
4578.467647586908
4562.599368780914
4507.539572760288
4442.136648055753
4442.136648055753
4419.420437116161
4356.18502820989
4355.5262598221125
4292.158547863767
4276.235026281881
4191.280234009651
4191.280234009651
4138.430378778891
4138.430378778891
4134.071721680697
4134.071721680697
4112.0700383140365
4112.0700383140365
4076.259559939725
4056.141762808593
4037.2675165264936
4030.503814661388
3995.3894678741894
3977.8233998004484
3940.472560493221
3926.403188670262
3920.1206614082685
3914.4524521317153
3898.9144643092645
3862.942531283633
3862.942531283633
3862.942531283633
3850.9017125862874
3829.5956705636695
3823.655057664067
3816.5607554446187
3798.7613770806925
3786.6684565723467
3786.6684565723467
3780.8763534397685
3780.8763534397685
3762.099945509157
3755.4361930406967
3740.8325276601195
3739.859890423704
3710.2064632578063
3710.2064632578063
3705.8873431338952
3675.5822667980106
3675.4528972631388
3675.4528972631388
3674.6026996125715
3651.1843284063325
3641.2125727564985
3641.2125727564985
3626.794452405595
3626.794452405595
3617.647854614929
3617.647854614929
3603.06522283458
3600.064027208405
3563.5017889710675
3548.0081736095253
3521.6354155420463
3517.9721431529274
3517.9721431529274
3516.0979792946614
3515.9735493885614
3512.190769306246
3500.0647136874486
3486.4553632593665
3475.7843719080156
3454.693763562843
3454.693763562843
3434.835512801159
3417.9251015784416
3417.9251015784416
3417.9251015784416
3404.710266674684
3404.710266674684
3404.710266674684
3398.428901713261
3398.428901713261
3392.7225055993013
3385.9128754296084
3385.9128754296084
3380.83466025773
3379.332330505539
3376.5067747599737
3376.5067747599737
3374.411800595772
3364.9411584751374
3364.9411584751374
3361.75876588431
3345.9349963799355
3343.5615741301967
3334.4326353969127
3328.9289568868844
3322.181813206496
3304.626453927887
3304.626453927887
3304.626453927887
3302.9838025639788
3302.9838025639788
3295.700532512018
3295.700532512018
3286.8655281285846
3283.4634153588495
3282.0225471498516
3256.284232065745
3256.284232065745
3256.284232065745
3238.0071031423017
3224.425840362901
3208.5046361194495
3202.8270324823975
3202.8270324823975
3186.281374894565
3163.8764198369063
3159.572122930572
3155.6145201846184
3125.354859851918
3125.354859851918
3125.354859851918
3125.354859851918
3124.9516796264224
3124.9516796264224
3124.1510846948486
3122.396195232117
3114.091360252618
3111.6010348372106
3111.6010348372106
3109.866878179836
3107.5334270124913
3106.0600444936667
3097.2095505470725
3097.2095505470725
3053.7182253770566
3050.4729141560983
3050.4729141560983
3028.5461858786302
3028.5461858786302
3025.7711413786733
3022.0906670713903
3016.4024930370283
3014.340723939482
2991.526199116431
2990.875791469783
2981.0424351223182
2981.0424351223182
2980.8780585592563
2980.8780585592563
2980.8780585592563
2980.8780585592563
2969.246537423257
2969.2027549495506
2967.0995938795177
2966.856754209748
2955.641047218014
2942.983690066936
2942.599191191352
2927.6598163038
2927.6598163038
2897.776561434646
2897.776561434646
2893.2213880033446
2893.2213880033446
2890.7971219025385
2887.3882662364617
2887.3882662364617
2877.1371187345244
2865.5095532906535
2863.275222537994
2858.978139125936
2855.932072021322
2855.932072021322
2850.6883379282276
2850.6883379282276
2848.2524466767336
2837.962120959334
2834.1014449027757
2834.1014449027757
2833.7231692598343
2823.8799549555924
2802.8865478288626
2796.940292533968
2779.430517210315
2779.430517210315
2749.4053902616834
2749.4053902616834
2749.4053902616834
2736.1260935856008
2736.1260935856008
2732.1842910023474
2732.1842910023474
2718.529381853358
2699.590154078948
2699.590154078948
2698.936457199391
2695.435771818724
2695.435771818724
2695.435771818724
2692.7498955528713
2678.7642673441796
2677.682206685476
2659.712954437001
2633.683921809905
2633.683921809905
2619.503769800685
2619.503769800685
2599.6132404648197
2593.4322817455636
2593.4322817455636
2573.0767575025816
2573.0767575025816
2568.7547566865933
2568.7547566865933
2568.7547566865933
2558.492329478437
2518.33615706879
2487.021712812335
2480.3215517347744
2480.1358833741347
2474.0390053513706
2470.2767051486358
2470.2767051486358
2470.2767051486358
2469.6991719640673
2456.97293432386
2454.5853010233723
2452.300144762056
2451.290272489164
2449.1453611413103
2427.768522738525
2368.3798259569767
2368.3798259569767
2368.3798259569767
2368.3798259569767
2359.9434315254252
2359.9434315254252
2347.067105985681
2347.067105985681
2347.067105985681
2341.2806324744583
2341.2806324744583
2336.3724018229627
2330.372502412436
2330.372502412436
2330.372502412436
2329.1225815744433
2329.1225815744433
2329.1225815744433
2329.1225815744433
2329.1225815744433
2319.1912383415042
2319.1912383415042
2293.664753184301
2293.664753184301
2293.664753184301
2277.5357296868033
2277.5357296868033
2277.5357296868033
2277.5357296868033
2277.5357296868033
2277.5357296868033
2276.524983390255
2276.524983390255
2267.396745168344
2267.396745168344
2262.512099415161
2254.883810753893
2254.883810753893
2254.883810753893
2254.883810753893
2249.4897199142742
2246.3505959667114
2246.3152049523237
2235.9445431405493
2235.9445431405493
2235.9445431405493
2235.9445431405493
2235.9445431405493
2230.319483840824
2230.319483840824
2227.4941077363146
2227.352688731625
2227.352688731625
2224.2621248405053
2222.457873616506
2219.654252355533
2219.654252355533
2192.026915893142
2192.026915893142
2189.550410472433
2180.943832380834
2178.924505346617
2152.280418532864
2152.280418532864
2152.280418532864
2151.4192989745166
2151.4192989745166
2150.5731794105495
2150.5731794105495
2145.90074327775
2144.4684656110007
2143.3018919414967
2141.809281892298
2135.2730504551405
2135.2730504551405
2106.2260087654413
2106.2260087654413
2106.2260087654413
2106.2260087654413
2106.2260087654413
2106.2260087654413
2105.761619937072
2103.9123080584895
2102.5156360893016
2101.4395066239713
2095.0739843738215
2093.543168888571
2093.543168888571
2089.590390483264
2082.6872064714853
2082.6872064714853
2077.1494890835374
2077.1494890835374
2069.2728191323636
2064.0872074599947
2064.0872074599947
2064.0872074599947
2064.0872074599947
2062.9692193535025
2062.9612211575864
2061.9997575169596
2059.4637651583
2059.4637651583
2059.4637651583
2059.148367651054
2055.3963121500437
2055.3963121500437
2046.415646930017
2046.415646930017
2039.666394290988
2039.666394290988
2039.666394290988
2039.666394290988
2024.989876517905
2021.3124449228526
2018.9024245861908
2018.269803569384
2018.269803569384
2018.269803569384
2008.9805872631025
2003.9790418065754
2003.9790418065754
1987.2131239502219
1987.2131239502219
1987.2131239502219
1987.2131239502219
1985.1896634830637
1985.1896634830637
1985.1896634830637
1983.8349225679035
1983.8349225679035
1983.8349225679035
1980.1706997125273
1978.7885182606049
1978.7885182606049
1978.7885182606049
1978.7885182606049
1977.0548803713061
1977.0548803713061
1977.0548803713061
1977.0548803713061
1972.5371986353007
1972.5371986353007
1972.504752845985
1972.504752845985
1972.3151370914334
1972.29257464505
1970.9223729005666
1960.519318956077
1960.519318956077
1960.519318956077
1957.4207519079796
1956.3869760351606
1952.4082564873568
1949.7897322531987
1949.7897322531987
1949.7897322531987
1949.7897322531987
1949.7897322531987
1948.3413458631935
1948.0785405111367
1940.8111706191305
1940.8111706191305
1940.8111706191305
1940.8111706191305
1939.4066102805775
1939.4066102805775
1939.4066102805775
1938.7895708405283
1938.7895708405283
1938.7895708405283
1938.7895708405283
1932.9536983590683
1931.2653882882073
1931.2653882882073
1931.2203395780607
1929.3423750076086
1929.3423750076086
1929.3423750076086
1927.478923360772
1927.478923360772
1926.507721240691
1926.245311480342
1925.8982319946192
1925.6604061983514
1925.6604061983514
1923.1975977522434
1922.517620205339
1921.2886300605644
1919.0776430358412
1919.0776430358412
1919.0776430358412
1919.0776430358412
1919.0776430358412
1919.0776430358412
1919.0776430358412
1919.0776430358412
1919.0776430358412
1919.0776430358412
1919.0776430358412
1913.92606962756
1913.92606962756
1913.92606962756
1913.92606962756
1913.92606962756
1913.92606962756
1913.92606962756
1912.645550017044
1912.645550017044
1912.645550017044
1908.8121961052113
1908.3217758019741
1904.8663995146746
1904.7002388827486
1904.7002388827486
1902.6481545467097
1902.6481545467097
1902.6481545467097
1902.6481545467097
1902.6481545467097
1902.6481545467097
1902.6481545467097
1902.2323727662717
1902.2323727662717
1902.2323727662717
1900.2518254168315
1897.8890905424373
1897.8890905424373
1897.8890905424373
1896.8608277889025
1896.808371976463
1893.8415984448118
1893.8415984448118
1893.8415984448118
1892.3355939156247
1886.5693732274995
1886.5693732274995
1886.5693732274995
1886.5693732274995
1879.283906172774
1879.283906172774
1879.283906172774
1879.283906172774
1879.2240419918005
1879.1064365809618
1877.6844782870205
1877.6844782870205
1877.6844782870205
1877.2181546106995
1875.3431685960838
1874.5748851406283
1873.8417756043332
1873.8417756043332
1872.7736115184878
1872.7736115184878
1872.7736115184878
1868.945424564345
1868.945424564345
1868.945424564345
1867.6428994858734
1867.6428994858734
1867.6428994858734
1867.6428994858734
4878.109572365098
4878.109572365098
4878.109572365098
4878.109572365098
4878.109572365098
4878.109572365098
4803.865839092511
4803.865839092511
4803.865839092511
4764.1927962667505
4764.1927962667505
4715.010922574836
4686.129319598425
4665.821792567735
4636.585920696391
4636.585920696391
4587.318933756405
4586.673958327538
4545.921138779247
4491.901824394652
4479.566162029533
4437.744584808819
4437.744584808819
4437.744584808819
4397.910071840942
4397.910071840942
4397.910071840942
4383.43586698836
4344.434255458356
4334.135207858657
4334.135207858657
4297.70531795748
4297.70531795748
4237.146091415778
4229.477036230366
4202.095429663634
4194.064973268773
4166.570772229844
4148.310137875422
4148.310137875422
4118.832965780477
4102.33396982742
4088.0244617663434
4088.0244617663434
4088.0244617663434
4078.9048775375973
4058.5858374561944
4054.134802889514
4044.6548678471936
4009.604718672403
3967.0525582603514
3967.0525582603514
3967.0525582603514
3953.4029645357427
3946.2472046236535
3908.4371556927968
3893.865816897136
3884.495076583313
3884.495076583313
3872.886907721422
3848.723034981863
3841.03436589677
3841.03436589677
3794.290052170498
3794.290052170498
3781.0222162796135
3781.0222162796135
3738.318873504506
3738.318873504506
3738.318873504506
3720.0637091318745
3684.796873641748
3680.3429188052573
3680.3429188052573
3676.7976555693135
3676.7976555693135
3666.090151646574
3666.090151646574
3644.6530699093983
3638.6270762473036
3600.8083814610295
3600.8083814610295
3580.9843618759355
3580.9843618759355
3580.9843618759355
3579.900696946774
3568.185112911044
3552.3404960673465
3524.3393707190003
3522.760849106848
3515.146369640957
3515.146369640957
3501.991005128368
3501.991005128368
3488.0474480717717
3486.045323859115
3468.930959243784
3468.930959243784
3468.930959243784
3446.2821997044875
3446.2821997044875
3446.2821997044875
3444.223134467336
3440.377740888346
3440.377740888346
3440.377740888346
3440.377740888346
3440.377740888346
3431.2244170266686
3428.318684136584
3428.318684136584
3422.428523724053
3422.428523724053
3422.428523724053
3404.2880312922994
3398.4880461758285
3398.4880461758285
3358.696771070589
3358.696771070589
3358.696771070589
3355.9223769330542
3353.9361949804593
3347.340436824435
3298.881931806593
3298.2452910600814
3291.151470230442
3291.151470230442
3291.151470230442
3276.6434044613397
3276.6434044613397
3276.6434044613397
3276.6434044613397
3276.6434044613397
3276.6434044613397
3276.6434044613397
3252.662909063895
3252.662909063895
3252.662909063895
3252.662909063895
3246.62902100009
3246.62902100009
3246.602839892801
3235.207257657537
3220.622921113243
3196.786355075985
3196.786355075985
3191.0493571864413
3191.0493571864413
3191.0493571864413
3178.0445245465016
3178.0445245465016
3174.705025667739
3174.705025667739
3174.705025667739
3173.9136724239997
3157.9884420307812
3157.9884420307812
3146.2685835764246
3134.489751139729
3134.489751139729
3125.9897632589905
3125.9897632589905
3125.9897632589905
3125.9897632589905
3125.9897632589905
3125.9897632589905
3123.2246156816836
3123.2246156816836
3120.1626560165096
3091.3314283654545
3091.3314283654545
3091.3314283654545
3089.041922667933
3089.041922667933
3071.011234105144
3071.011234105144
3064.6247731166045
3064.6247731166045
3064.5967108250966
3055.5902866713004
3055.5902866713004
3052.3851329738845
3052.3851329738845
3052.3851329738845
3048.89160187764
3048.89160187764
3033.9695120419387
3033.9695120419387
3033.9695120419387
3033.9695120419387
3031.3694924901515
3031.3694924901515
3031.3694924901515
3024.480616568736
3019.5994767518423
3019.5994767518423
3005.269705034808
3005.269705034808
3005.269705034808
2985.8740763803153
2985.8740763803153
2985.8740763803153
2964.1710476961343
2955.734088175051
2951.0994561349503
2945.53526544837
2945.53526544837
2945.53526544837
2925.9251528362784
2925.9251528362784
2925.9251528362784
2925.9251528362784
2925.9251528362784
2925.9251528362784
2925.9251528362784
2915.2017082870957
2915.2017082870957
2915.2017082870957
2915.2017082870957
2913.938743350656
2902.0198138537926
2902.0198138537926
2900.9036523124996
2888.5925638622
2879.023271875377
2879.023271875377
2879.023271875377
2879.023271875377
2879.023271875377
2879.023271875377
2878.2567640848165
2878.2567640848165
2874.6610234947702
2874.6610234947702
2869.4712056405097
2869.4712056405097
2869.2453711734033
2869.2453711734033
2869.2453711734033
2869.2453711734033
2869.2453711734033
2869.2453711734033
2844.557610596066
2844.557610596066
2844.557610596066
2843.1744582420547
2843.1744582420547
2843.1744582420547
2843.1744582420547
2843.1744582420547
2843.1744582420547
2835.7782000713664
2835.7782000713664
2832.5340245087964
2832.5340245087964
2828.3093890166965
2828.3093890166965
2828.3093890166965
2828.3093890166965
2828.3093890166965
2828.3093890166965
2828.3093890166965
2828.3093890166965
2826.950653973288
2826.2526426347663
2823.163828048241
2823.163828048241
2823.163828048241
2822.937654288525
2822.937654288525
2820.6774009092214
2820.6774009092214
2820.6774009092214
2820.6774009092214
2820.6774009092214
2820.6774009092214
2816.023082291763
2814.6774237912236
2814.6774237912236
2814.6774237912236
2803.983238180999
2786.873158218723
2786.873158218723
2784.3852104189896
2784.1217645785537
2782.377400713282
2782.377400713282
2770.373801493221
2770.373801493221
2770.373801493221
2770.373801493221
2770.373801493221
2768.83278657271
2768.83278657271
2768.508984995353
2760.1338735648314
2760.1338735648314
2754.8573465789477
2752.112824722126
2747.788929302977
2747.788929302977
2747.788929302977
2741.944747802187
2741.944747802187
2734.6465950831744
2734.6465950831744
2734.6465950831744
2733.276788033001
2730.6416828284155
2723.95668100651
2723.95668100651
2723.95668100651
2723.95668100651
2721.350767541737
2721.350767541737
2721.350767541737
2720.114519648024
2719.312413092692
2718.401920246526
2712.054202998163
2712.054202998163
2712.054202998163
2709.6189769043176
2709.6189769043176
2708.672737707529
2708.672737707529
2708.672737707529
2708.672737707529
2708.672737707529
2708.672737707529
2708.672737707529
2708.672737707529
2704.5661389583356
2704.5661389583356
2704.5661389583356
2704.5661389583356
2703.5178934122114
2701.5395610651344
2700.106664559754
2697.3959664832305
2658.065085734358
2658.065085734358
2658.065085734358
2652.435673112545
2640.162494999124
2633.366476584678
2633.0488031937425
2629.1009870295966
2625.859478342282
2620.1082038725044
2609.7501796148995
2609.7501796148995
2609.7501796148995
2609.7501796148995
2607.7616838967474
2579.897284777051
2565.2925759063037
2511.569031502021
2511.569031502021
2511.569031502021
2491.8292477615714
2482.5583578236383
2468.3581587768012
2468.3581587768012
2465.9720193059775
2465.9720193059775
2451.7554935188787
2450.982864077185
2450.982864077185
2447.452757460295
2447.452757460295
2446.863911213699
2446.863911213699
2446.863911213699
2446.512211291822
2439.144522163457
2439.144522163457
2437.5536917163486
2437.5536917163486
2437.5536917163486
2432.452260579845
2423.9760724891653
2397.3207962223164
2397.3207962223164
2397.3207962223164
2388.501831692829
2385.834026079769
2385.834026079769
2385.834026079769
2385.834026079769
2385.834026079769
2385.330375440685
2367.668684592504
2356.651650117174
2356.651650117174
2354.2835428214676
2345.6681350949884
2345.6681350949884
2345.6681350949884
2345.1012771306914
2340.7135664151647
2340.7135664151647
2340.7135664151647
2339.3133607962827
2339.0628465263603
2332.1891003947344
2331.3766319494584
2331.3766319494584
2331.3766319494584
2327.595325652636
2320.3202365190887
2320.3202365190887
2320.315711277239
2319.822406995846
2319.822406995846
2313.859546299213
2313.859546299213
2313.859546299213
2310.6938351932304
2310.6938351932304
2307.7023204910984
2303.3456101940064
2297.9445163014707
2297.9445163014707
2297.874017434376
2293.4498032440124
2293.4498032440124
2280.859925554395
2280.859925554395
2280.859925554395
2280.859925554395
2276.0887504664665
2276.0887504664665
2276.0887504664665
2275.323053985961
2273.7677981711327
2272.3237005321225
2267.5780030684723
2258.357367645785
2258.357367645785
2258.357367645785
2258.1160289055124
2256.2382409665875
2252.0253106925775
2249.583739272668
2249.099375305591
2249.099375305591
2249.099375305591
2249.099375305591
2249.099375305591
2249.099375305591
2246.924787348255
2242.7367210620155
2242.7367210620155
2242.7367210620155
2242.7367210620155
2242.7367210620155
2242.7367210620155
2242.7367210620155
2242.348768590649
2242.348768590649
2242.348768590649
2241.173353402186
2241.173353402186
2241.173353402186
2241.173353402186
2241.173353402186
2241.173353402186
2239.5591083961144
2239.5591083961144
2238.151022607724
2237.8270710669312
2237.8270710669312
2237.8270710669312
2237.8270710669312
2233.876227547086
2233.876227547086
2233.876227547086
2233.067397102022
2233.057992977343
2231.5416195984335
2228.631642959419
2228.631642959419
2227.7764699358863
2227.7764699358863
2226.3726103237977
2224.5813089208496
2224.5813089208496
2224.5813089208496
2224.5813089208496
2224.5813089208496
2224.5813089208496
2224.5813089208496
2224.5813089208496
2224.5813089208496
2224.5813089208496
2223.8637548195256
2223.8637548195256
2223.8637548195256
2223.8637548195256
4630.140710604808
4614.174574070643
4614.174574070643
4614.174574070643
4614.174574070643
4589.848908188591
4589.848908188591
4528.238951292213
4528.238951292213
4528.238951292213
4526.247231426935
4449.331635200954
4428.303738453359
4409.8804972470625
4370.408676542733
4311.639131467289
4311.639131467289
4281.797169413797
4272.040027902361
4256.613207703984
4219.566802409935
4145.625284562028
4145.625284562028
4135.391879858546
4135.391879858546
4116.559121402242
4099.935243391046
4099.935243391046
4075.9763247595047
4018.3708141484403
4018.3708141484403
4018.3708141484403
3975.495189281456
3968.698149267591
3917.8483891033866
3886.6915236483587
3886.6915236483587
3865.7702984010834
3848.615075582384
3833.2389698530405
3762.689463668242
3762.689463668242
3755.017709678611
3733.4648786348585
3725.8286326668326
3696.481164567189
3674.598481467057
3637.109841618754
3637.109841618754
3636.7721952302704
3621.951407735891
3611.8316682813443
3611.8316682813443
3591.3993094614248
3574.9436359193132
3486.7588101272504
3486.7588101272504
3486.7588101272504
3443.691188245543
3245.814227586046
3245.814227586046
3245.814227586046
3239.113922047201
3239.113922047201
3231.911818103953
3190.2827460900703
3151.9546316531905
3151.9546316531905
3151.9546316531905
3134.346183815693
3134.346183815693
3134.3426743098785
3119.286617161046
3119.286617161046
3119.286617161046
3107.0883476335202
3106.6279146367046
3105.655808359967
3068.5701882147
3068.5701882147
3068.5701882147
3068.2123459760733
3056.199437209555
3056.199437209555
3047.4235019110815
3047.4235019110815
3045.4689294097225
3033.9058983429263
3006.8463545715135
3006.8463545715135
3006.8463545715135
2992.4774017526015
2992.4774017526015
2974.3750604118504
2963.1029344253297
2936.44172426425
2914.483830800919
2901.3762251731505
2830.4006783492687
2830.4006783492687
2828.012553013158
2812.9676500095056
2794.556852168157
2794.556852168157
2776.402528452962
2776.402528452962
2744.627297102468
2744.627297102468
2713.0670835790256
2713.0670835790256
2712.1414048681163
2707.042851526366
2700.1686984334888
2679.136987912339
2679.136987912339
2665.8902828136042
2665.8902828136042
2665.8902828136042
2665.8902828136042
2664.739762153145
2659.167538911379
2656.79732008296
2652.1434727404926
2652.1434727404926
2647.2072076057816
2647.2072076057816
2647.2072076057816
2647.2072076057816
2640.9199154839966
2640.9199154839966
2640.3867141007963
2640.3867141007963
2640.3867141007963
2632.093843311822
2631.1478483734054
2614.7548642272377
2614.7548642272377
2614.7548642272377
2614.7548642272377
2610.845839953022
2609.2282383877423
2609.2282383877423
2607.810575942969
2601.980783941342
2601.980783941342
2578.148172623133
2578.148172623133
2578.148172623133
2578.148172623133
2577.9385174980416
2567.193019622794
2567.193019622794
2553.138460796829
2553.138460796829
2553.138460796829
2553.138460796829
2553.138460796829
2553.138460796829
2553.138460796829
2553.138460796829
2549.4491561904115
2549.4491561904115
2549.4491561904115
2546.3888155582213
2546.3888155582213
2546.3888155582213
2528.3532189945295
2528.3532189945295
2527.439415693282
2526.413267856231
2510.8229726525924
2502.6471984680543
2502.6471984680543
2498.1142888186682
2495.860973692245
2495.604736331457
2493.230033510747
2485.0329977688425
2484.548852407616
2481.0495762882288
2471.8064244596503
2471.8064244596503
2471.8064244596503
2460.608461336342
2457.2413393885427
2457.2413393885427
2456.8730125914117
2456.734010836338
2447.5426451851663
2436.5366814394565
2436.5366814394565
2424.346303645583
2418.1695556763593
2418.1695556763593
2411.483153579971
2411.483153579971
2411.483153579971
2410.729350217481
2404.1667995378357
2402.9995838534805
2401.960032973072
2399.821451691771
2399.821451691771
2399.821451691771
2397.4029698822014
2395.481788701388
2385.640165657847
2380.213645872992
2379.587359186462
2379.587359186462
2379.587359186462
2378.611780009508
2378.611780009508
2377.7905710974633
2377.7905710974633
2377.5531539799485
2377.4793374496444
2376.7326311556376
2376.7326311556376
2376.7326311556376
2376.7326311556376
2376.1914906000316
2375.1378907339254
2375.1378907339254
2368.905232380561
2368.905232380561
2368.905232380561
2368.905232380561
2368.905232380561
2368.905232380561
2368.905232380561
2368.2016383745704
2368.2016383745704
2366.5441048076837
2359.6190370481418
2359.6190370481418
2357.5468181989513
2355.004670908319
2355.004670908319
2349.3816207674736
2344.1845063902288
2331.9684817767156
2331.9684817767156
2331.9684817767156
2328.393437544437
2324.959999655908
2320.758281252057
2320.758281252057
2320.758281252057
2308.2491200041645
2308.2491200041645
2308.2491200041645
2308.2491200041645
2308.2491200041645
2308.2491200041645
2305.7731891927274
2305.7731891927274
2305.7092184401745
2299.1879001073403
2299.1879001073403
2298.298065960984
2296.801471612207
2296.801471612207
2296.801471612207
2296.801471612207
2296.801471612207
2296.801471612207
2294.6723077598685
2292.2763794970274
2284.585739253399
2267.694644346985
2265.109048147572
2265.109048147572
2265.109048147572
2265.109048147572
2265.109048147572
2263.367623697043
2261.742027729953
2261.742027729953
2259.3658402303954
2257.035223473484
2257.035223473484
2257.035223473484
2215.3636270373313
2215.3636270373313
2214.1147215083506
2214.1147215083506
2214.1147215083506
2213.7353048637046
2213.7353048637046
2205.204979134593
2201.592378257156
2192.0173356978726
2192.0173356978726
2192.0173356978726
2190.3764516630467
2190.3764516630467
2185.0697929356857
2184.875969019752
2184.875969019752
2184.875969019752
2184.875969019752
2181.1267730235213
2178.3372098919854
2178.3372098919854
2173.0223192595145
2173.0223192595145
2168.952973210807
2168.952973210807
2168.952973210807
2166.883245585696
2160.689704700793
2160.689704700793
2160.689704700793
2160.689704700793
2160.689704700793
2160.689704700793
2160.5908913998505
2158.8100889147245
2158.8100889147245
2158.8100889147245
2158.8100889147245
2155.7926616444356
2155.7926616444356
2152.219784315719
2152.219784315719
2150.3801989415733
2150.3801989415733
2143.1432523282247
2143.1432523282247
2143.1432523282247
2143.1432523282247
2143.1432523282247
2143.1432523282247
2140.7517371241347
2140.7517371241347
2140.7517371241347
2136.4290299469344
2136.4290299469344
2135.603661731268
2135.603661731268
2135.603661731268
2135.603661731268
2135.603661731268
2132.3707463759674
2132.3707463759674
2132.3707463759674
2132.0297840321086
2132.0297840321086
2132.0297840321086
2130.931251823953
2130.9249165561887
2130.9249165561887
2123.3030871733786
2123.3030871733786
2120.9361140779324
2120.9361140779324
2118.978527498568
2118.117560476755
2118.117560476755
2114.7576693323517
2114.7576693323517
2114.7576693323517
2114.4394056108586
2111.3384380529806
2107.8870937505167
2107.8870937505167
2107.8870937505167
2107.8870937505167
2107.8870937505167
2107.8870937505167
2107.8870937505167
2106.326660325981
2106.326660325981
2104.5826189532213
2104.5826189532213
2103.334733227215
2103.3226095870314
2103.0330477669627
2103.0330477669627
2103.0330477669627
2097.184302821285
2097.184302821285
2097.136142457137
2097.136142457137
2097.136142457137
2095.662902281758
2095.662902281758
2095.662902281758
2095.662902281758
2095.6042088142503
2095.579156223883
2094.5634390010728
2094.5634390010728
2093.9847181868354
2092.923553310058
2091.690703713147
2091.0442367391465
2090.8352398025054
2090.8352398025054
2089.413554086409
2089.413554086409
2089.413554086409
2089.413554086409
2089.3587533020745
2089.3587533020745
2089.3587533020745
2089.2357454342005
2089.2357454342005
2086.324040028298
2086.324040028298
2086.2471090453305
2086.2471090453305
2085.4977823052222
2075.3631007609247
2075.3631007609247
2071.8491740471845
2071.5021119950616
2070.93457163668
2070.93457163668
2070.93457163668
2069.9896135005124
2069.9896135005124
2066.2814425919814
2065.0038740883756
2065.0038740883756
2064.9518154184616
2064.9518154184616
2064.9518154184616
2064.3836852678332
2057.996598636645
2057.996598636645
2057.996598636645
2057.556317576751
2057.556317576751
2057.556317576751
2057.556317576751
2055.7701719793486
2055.7701719793486
2055.7701719793486
2055.746336491932
2055.746336491932
2055.746336491932
2055.746336491932
2055.4369365173916
2055.4369365173916
2055.4369365173916
2051.2888631297155
2051.2888631297155
2051.2888631297155
2051.2888631297155
2051.2888631297155
2051.2888631297155
2051.2888631297155
2051.2888631297155
2051.2888631297155
2051.2888631297155
2050.396303157026
2049.1942318872557
2049.1942318872557
2049.1942318872557
2048.54729015466
2048.148676243988
2048.148676243988
2047.8769494283586
2045.1506057012036
2045.1506057012036
2044.025440154794
2044.025440154794
2044.025440154794
2044.025440154794
2044.025440154794
2043.399862973471
2043.399862973471
2042.4791308603376
2042.4791308603376
2042.4791308603376
2042.4791308603376
2041.9027890670995
2041.9027890670995
2041.8792814463836
2041.8792814463836
2041.8792814463836
2041.8792814463836
2041.8792814463836
2041.8792814463836
2041.545737915269
2041.333387763988
2040.943409308548
2038.767029358676
2037.2002847044764
2037.2002847044764
2032.5914493571993
2027.8182857445586
2022.7248947892049
2022.7248947892049
2022.7248947892049
2022.7248947892049
2022.7248947892049
2022.7248947892049
4417.618249690663
4417.618249690663
4417.618249690663
4416.5821627136065
4416.5821627136065
4415.060701734462
4382.935431876678
4382.935431876678
4370.239123892422
4358.294276434302
4304.319342242162
4284.916218550837
4275.125144367122
4208.448288858971
4129.804232648323
4115.902452682765
4087.8359800755215
4053.538454239703
4030.8526393307907
4007.3475017772043
4002.4320106655155
3973.633601629622
3920.8694188916825
3914.045732998019
3872.7521221994057
3836.197596579196
3818.808191045997
3795.605485294803
3756.1005045126253
3746.5813750671423
3744.7655467331997
3742.702633124892
3721.927323309793
3720.078359389759
3702.8960287861178
3656.713688546042
3653.9386968037657
3620.890360118627
3618.4368171905394
3617.341565293496
3603.9500551478236
3602.5482647703693
3598.8560682527996
3579.8210849147194
3574.208164055362
3573.93634526414
3549.100449409681
3532.553467394372
3532.553467394372
3529.842489403741
3478.295847106741
3478.295847106741
3420.4501165782262
3415.740036946606
3408.678776300284
3350.9986571170093
3319.6764902622667
3319.6764902622667
3260.89527584067
3251.8471673804106
3243.1093105228506
3228.41013503551
3194.535020938102
3194.535020938102
3183.1840977235356
3159.5547154622914
3130.344549726116
3128.634206806542
3125.0393597521297
3067.8081752286926
3067.8081752286926
3067.8081752286926
3067.8081752286926
3067.8081752286926
3040.6190159242246
3040.6190159242246
3019.360528323837
3019.360528323837
3016.3280657116857
3016.3280657116857
3007.2708557760475
2977.3330347812957
2977.3330347812957
2977.3330347812957
2940.6031694194985
2855.162867508612
2855.162867508612
2855.162867508612
2850.009649106473
2838.10447305944
2834.735084624311
2821.056894144462
2818.9590277263696
2816.8785916329443
2804.884846121138
2804.884846121138
2804.884846121138
2804.884846121138
2802.027658678622
2793.8926249947403
2793.8926249947403
2788.3882441295723
2788.3882441295723
2788.3882441295723
2781.7007387567774
2781.7007387567774
2778.569775981881
2778.3007396608455
2773.6284899027123
2773.6284899027123
2772.7502592191745
2760.9607023643057
2760.9607023643057
2760.9607023643057
2760.9607023643057
2758.960673877031
2755.631325123156
2755.631325123156
2749.3230075784113
2749.3230075784113
2743.656501823798
2743.656501823798
2743.656501823798
2731.4686525750208
2731.4686525750208
2731.4686525750208
2731.4686525750208
2718.1817452113096
2718.1817452113096
2718.1791699591845
2718.1791699591845
2712.5521193149452
2712.5521193149452
2712.5521193149452
2710.009963081317
2708.3260512722613
2704.393647381978
2704.393647381978
2704.393647381978
2704.393647381978
2703.7425912982176
2699.4895813838584
2698.9892552583456
2697.3683471116806
2696.669983516708
2695.9497398875965
2695.9497398875965
2695.8084130738966
2694.059576178671
2691.9543086761337
2691.9543086761337
2690.2031521801473
2688.878948558302
2688.878948558302
2685.5584149297515
2685.5584149297515
2685.5584149297515
2685.5584149297515
2685.5584149297515
2684.830907152255
2684.830907152255
2684.089976137164
2683.103986057939
2681.1186098343355
2681.1186098343355
2681.1186098343355
2677.8943220373726
2677.8943220373726
2676.834324346578
2676.834324346578
2676.834324346578
2676.834324346578
2672.7074288069766
2672.7074288069766
2672.7074288069766
2669.1138979069437
2669.1138979069437
2667.4141035842185
2667.4141035842185
2667.4141035842185
2667.4141035842185
2664.268567543445
2662.481549231844
2662.481549231844
2662.4330977510026
2641.587969385082
2630.2754608595656
2608.107168043522
2604.1695413317466
2604.1695413317466
2604.1695413317466
2604.1695413317466
2604.1695413317466
2604.1695413317466
2604.1695413317466
2604.1695413317466
2604.1695413317466
2604.1695413317466
2604.1695413317466
2603.6199799509914
2603.6199799509914
2602.1108738868143
2601.566066814372
2595.2254237349016
2595.2254237349016
2594.440980249888
2594.440980249888
2591.6261304439727
2589.5696553674707
2586.2822738440595
2585.6600704655666
2585.6600704655666
2584.67115896781
2584.4825400841846
2581.928736429416
2581.928736429416
2581.928736429416
2581.416277937365
2581.416277937365
2581.416277937365
2580.7262543710444
2578.858856160996
2578.858856160996
2578.858856160996
2578.858856160996
2578.858856160996
2578.858856160996
2578.858856160996
2573.907923761066
2573.907923761066
2573.907923761066
2573.5844652934943
2572.967547405136
2570.5514972472347
2565.3346760218246
2565.3346760218246
2563.490198928016
2563.490198928016
2563.490198928016
2563.490198928016
2563.474400106231
2561.495656838012
2561.105230169194
2561.105230169194
2560.3941102884924
2558.497606018032
2558.497606018032
2558.497606018032
2558.497606018032
2558.379760707937
2558.379760707937
2558.379760707937
2556.2378606068723
2555.8505433612504
2554.3010785731585
2554.3010785731585
2552.581634345903
2551.5730442219365
2551.5730442219365
2551.5730442219365
2551.5730442219365
2551.5730442219365
2551.5730442219365
2551.5730442219365
2551.5730442219365
2551.5730442219365
2551.5730442219365
2551.5730442219365
2551.5730442219365
2549.541331298632
2549.541331298632
2549.541331298632
2546.5949815390745
2544.6186354736933
2544.6186354736933
2544.6186354736933
2544.6186354736933
2544.6186354736933
2544.5480934735738
2544.5480934735738
2544.5480934735738
2544.5480934735738
2544.5480934735738
2544.5480934735738
2542.1994414286223
2542.1994414286223
2539.838774410691
2539.838774410691
2539.838774410691
2535.796521805328
2535.3912913000236
2535.3912913000236
2535.3912913000236
2535.3912913000236
2535.2909103296215
2535.2909103296215
2534.6778888055974
2534.6778888055974
2534.1475884407364
2534.1475884407364
2534.1475884407364
2534.1475884407364
2525.325325576885
2525.325325576885
2524.4458797922366
2522.361393615118
2521.52295250311
2520.2656606000883
2518.724478778892
2518.724478778892
2518.628992130441
2518.628992130441
2518.628992130441
2518.628992130441
2518.4538907829938
2517.818301625437
2517.127330907199
2516.2446224483024
2516.2112391450764
2515.8799653401593
2515.0594426374896
2515.0594426374896
2515.0594426374896
2515.0594426374896
2514.606927533606
2514.606927533606
2514.606927533606
2514.606927533606
2512.8119706814514
2512.8119706814514
2512.8119706814514
2512.67108870222
2512.67108870222
2512.67108870222
2512.67108870222
2512.67108870222
2512.67108870222
2511.957006001496
2506.116517642386
2505.9555063887306
2503.3996884237245
2503.3996884237245
2503.3996884237245
2503.3996884237245
2499.3947267288536
2499.3947267288536
2498.125697397951
2498.125697397951
2498.125697397951
2498.125697397951
2498.125697397951
2498.125697397951
2498.125697397951
2495.0681353421996
2491.8067742102317
2491.8067742102317
2490.750890795786
2490.750890795786
2490.750890795786
2490.750890795786
2486.0804492212233
2486.0804492212233
2486.0804492212233
2486.0804492212233
2486.0804492212233
2486.0804492212233
2486.0804492212233
2485.9678195825463
2485.9678195825463
2485.2561236218694
2485.2561236218694
2485.2561236218694
2483.7769626115787
2402.2857864958532
2367.4606649319435
2367.3687925627473
2364.90253498955
2364.0499148706654
2362.5871412500323
2362.5871412500323
2361.9375520957365
2359.0303092584463
2357.733445493786
2354.379323728443
2354.1030138887295
2347.4622467677727
2342.7221346117853
2318.0964173217644
2318.0964173217644
2318.0964173217644
2318.0964173217644
2317.4140760770397
2317.4140760770397
2317.4140760770397
2309.6664261317046
2309.6664261317046
2287.3766633416544
2285.110500610419
2276.6881648570143
2270.911050657863
2262.7626919321433
2229.0895002220077
2229.0895002220077
2229.0895002220077
2217.5684882320998
2211.854425589532
2203.3685574592373
2203.3685574592373
2187.7982082449926
2170.002534560732
2170.002534560732
2164.1208376613354
2163.6917525377776
2154.029944081558
2154.029944081558
2154.029944081558
2130.4175647041593
2130.4175647041593
2130.4175647041593
2130.4175647041593
2130.4175647041593
2130.4175647041593
2127.8787559445204
2122.112626605855
2122.112626605855
2122.112626605855
2120.0608481833724
2120.0608481833724
2117.6281543273835
2114.3270797111786
2112.3174477336497
2112.3174477336497
2112.0026041650613
2112.0026041650613
2110.2694140796334
2110.2694140796334
2097.077251795937
2093.822342033822
2093.8022829293122
2079.484070629059
2073.265057825458
2073.265057825458
2073.265057825458
2073.265057825458
2073.265057825458
2073.265057825458
2073.265057825458
2071.96138960165
2071.96138960165
2070.3354800611423
2070.3354800611423
1962.760810694976
1962.760810694976
1962.760810694976
1962.760810694976
1962.7287127873785
1962.7287127873785
1962.7287127873785
1961.8465791187648
1961.8465791187648
1957.1359176102205
1955.7195606732578
1955.7195606732578
1955.7195606732578
1948.756013460895
1948.756013460895
1948.756013460895
1948.4617009323022
1948.4617009323022
1941.8465438854844
1941.8465438854844
1917.6480386139683
1900.0778931401733
1896.1674504114872
1890.3817074866124
1890.3817074866124
1884.6225086207583
1884.6225086207583
1884.6225086207583
1877.5654449312813
1877.5654449312813
1876.15884188946
1874.850394031481
1874.850394031481
1874.2078326589076
1865.421132077151
1865.421132077151
1865.421132077151
1865.421132077151
1862.3450271096385
1857.5755704681303
1857.5755704681303
1857.5755704681303
1849.8499939184258
1849.8499939184258
1849.8499939184258
1847.399794305499
1847.399794305499
1843.0914247535309
1840.7365373675832
