0.47062663165704943
0.47062663165704943
0.46106262200187953
0.45170870274477715
0.43262800589996986
0.43262800589996986
0.425989656830714
0.425989656830714
0.4186984578832301
0.41015133533513515
0.40836947971587356
0.40165151222915063
0.39945071528697873
0.39019539072505083
0.39019539072505083
0.38496062039800927
0.382864807172943
0.38156306394397344
0.37543405813236685
0.3726544259219363
0.3676248409538676
0.3676248409538676
0.36740778699339494
0.36459763598478756
0.3621304099188035
0.35701759516974907
0.35700089192576256
0.35700089192576256
0.3555714747884533
0.3548111082486126
0.35136201496492814
0.35136201496492814
0.35136201496492814
0.3481450189631268
0.3470421271395202
0.3470421271395202
0.3448394882840815
0.3448394882840815
0.3433169271151363
0.3426501541876029
0.34242642845049853
0.34102568323354654
0.34097265049075176
0.34041365506346366
0.3383234040702313
0.33546914680465667
0.33543775744527193
0.33382435003266464
0.3328573502723302
0.3298584170330048
0.3278661441419316
0.3269219665871075
0.32639983564890884
0.3233050757190362
0.32290211844149974
0.3204186285436117
0.3199245274374948
0.3195947696388406
0.3181690021090078
0.3174287597933394
0.3161455985692121
0.3157225859996945
0.31537421583099123
0.3148092564117605
0.31013243899895115
0.31005809520694416
0.3075930740398092
0.30671713498516806
0.30597032600760576
0.30597032600760576
0.3017378129008981
0.3017378129008981
0.3014501983720649
0.2987769483349202
0.2987769483349202
0.2987769483349202
0.2967525057069661
0.29675082358271154
0.29520646243498727
0.2946212762860404
0.29295579421070495
0.2923764025885083
0.2920128426220201
0.2920128426220201
0.2883671421369194
0.2883671421369194
0.2879542167504918
0.28505300504036946
0.28286569236057346
0.2821821023215896
0.28163041376974984
0.27083710648298587
0.27083710648298587
0.2692157827687721
0.2692157827687721
0.26161649681479227
0.26161649681479227
0.26161649681479227
0.2601164624543023
0.2587997636858089
0.25771771660683873
0.2569760804718183
0.25619026644985643
0.2560729754162089
0.2559669811621641
0.254697293439772
0.254697293439772
0.253774092402655
0.2525058466767759
0.2525058076601402
0.2523338868362168
0.25148441812063826
0.24700802066213068
0.24667806819364602
0.2453940337129168
0.244591402749593
0.244591402749593
0.24220174028271946
0.24220174028271946
0.24135474971800652
0.2394487712686445
0.23915266723142703
0.23911359752545946
0.23867907213375705
0.23739292495496012
0.2373929099072486
0.23639598340907042
0.2363801335359288
0.23561247502239946
0.23551343379644918
0.2354173092835754
0.23496712046034673
0.23392602381521088
0.2315994572819302
0.22938673959280687
0.22938673959280687
0.2289177335653716
0.2287074916636609
0.2287074916636609
0.22850777079569762
0.22850777079569762
0.2276545421555104
0.22704740041929905
0.22677778126884895
0.22677778126884895
0.22607924988988026
0.22607924988988026
0.225099892039893
0.225099892039893
0.225099892039893
0.22256748365482404
0.22212912575989285
0.22204707575172022
0.2213726393840606
0.2205468479845255
0.21866669971484243
0.21717510797768624
0.21697624186865294
0.21594726555635801
0.21578568417820398
0.21553660927235196
0.21478459632431846
0.2145876368102677
0.2145876368102677
0.21413949768193863
0.21351354056596583
0.21348053111928122
0.2119129142290812
0.2119129142290812
0.21174622054984193
0.21136568654056842
0.21070554443718637
0.20868992929845864
0.20868992929845864
0.20835957540442462
0.20815959466167788
0.20794099862939341
0.20794099862939341
0.20627115636346782
0.20553499140229814
0.20349632292293585
0.2011795349195581
0.2002075866051718
0.2002075866051718
0.20002368036180385
0.19995195158730616
0.19947638611453788
0.19899864653388755
0.1986916858796931
0.198591064091602
0.19835870326071048
0.1980177692495686
0.19781063352025752
0.19781063352025752
0.19724734589677873
0.19724734589677873
0.19724734589677873
0.19724734589677873
0.1968746578517797
0.1968746578517797
0.19687446101092454
0.1968741256063662
0.19565974385208906
0.19565974385208906
0.19555146904356102
0.195528965251907
0.195528965251907
0.19534450152385174
0.1953226792061138
0.1953226792061138
0.19498256387080537
0.19460999219227038
0.19442939805311388
0.19434161845917308
0.19434161845917308
0.19434161845917308
0.19434161845917308
0.1928167131378702
0.1928167131378702
0.1928167131378702
0.19262288859997156
0.1920665299506885
0.1920665299506885
0.19165973018149807
0.19162128453489424
0.19056711276525906
0.19052574516148912
0.19052574516148912
0.19052574516148912
0.19051200871357787
0.19051200871357787
0.1891639843700662
0.18908488317327843
0.18906533710305673
0.18832248043188693
0.18832248043188693
0.18832248043188693
0.18721149081580268
0.18721149081580268
0.18711032941675187
0.18711032941675187
0.1851023186205656
0.1847718561716315
0.1847238301229026
0.1847238301229026
0.1845087304228047
0.18294865113792336
0.18294865113792336
0.18289495265345745
0.18288852682133383
0.18288852682133383
0.1827604482271179
0.1827107081460172
0.1826015991400004
0.1826015991400004
0.1825477933530718
0.18253888786977113
0.1823279322358634
0.18097196282385397
0.18097196282385397
0.18093000021991312
0.18092222168433925
0.18092222168433925
0.18089398755379915
0.18089398755379915
0.18082467271365066
0.18043657355879494
0.18043657355879494
0.18043657355879494
0.1804339489182485
0.18041560793576494
0.18040988003562386
0.18028863222114266
0.18028863222114266
0.18015964089160874
0.18015964089160874
0.17991438675466565
0.17966978907203712
0.17966978907203712
0.17966978907203712
0.17930395547900646
0.17867932803590525
0.17867932803590525
0.17867932803590525
0.17852361373656223
0.1742474773573498
0.1742474773573498
0.172419509000864
0.172419509000864
0.172419509000864
0.172419509000864
0.17237116564221588
0.17237116564221588
0.17237116564221588
0.17116601075942595
0.17116601075942595
0.17116601075942595
0.17084612715886482
0.17084612715886482
0.17084612715886482
0.17084612715886482
0.1707720445771791
0.1707720445771791
0.1707720445771791
0.17061137988616748
0.17061137988616748
0.17056984035362321
0.1703621200419453
0.1703621200419453
0.17035446763491768
0.16969479003930488
0.16969479003930488
0.16955226842267224
0.1687466668040314
0.1687466668040314
0.16829471052072376
0.16829471052072376
0.16814830161330085
0.168019278661386
0.168019278661386
0.16795440418270313
0.16795440418270313
0.16684615595290486
0.16676510416673263
0.16676510416673263
0.16606195486890785
0.16606195486890785
0.16606120339010444
0.16606105082046474
0.1655180821378459
0.16551507441848035
0.16551507441848035
0.16551507441848035
0.16551507441848035
0.16550424774535777
0.16550424774535777
0.1652410105857931
0.1652410105857931
0.1652410105857931
0.16506090214191615
0.16475535442851708
0.1647516123059346
0.16446085770737617
0.163097281107777
0.163097281107777
0.1628059722636941
0.1628059722636941
0.1628059722636941
0.1628059722636941
0.1628059722636941
0.16280335611894448
0.16277675894598342
0.16276762075754325
0.16276762075754325
0.1627012612954788
0.1627012612954788
0.16260717703413274
0.1625678539707861
0.16256506163625783
0.16256408223213548
0.16252110218608562
0.16241390897761232
0.16241390897761232
0.16241292957349007
0.16241292957349007
0.16241292957349007
0.16241292957349007
0.1623516399348286
0.16154016741046673
0.16154016741046673
0.1615029181332288
0.16143217452556702
0.16143217452556702
0.16143217452556702
0.1609156635073521
0.1609156635073521
0.1609156635073521
0.1609156635073521
0.15918583104683948
0.15918583104683948
0.1591814374346726
0.1586477451797721
0.1586477451797721
0.15861487866505208
0.15861487866505208
0.15838437741995992
0.1581638811431817
0.1580017924673548
0.1577874827920046
0.1577874827920046
0.1575312042875241
0.1575312042875241
0.1575312042875241
0.1575312042875241
0.15737749846082572
0.15737689215489625
0.1571359423377776
0.15646010715337444
0.15645844172910817
0.15616455048109779
0.15616455048109779
0.1559863296722962
0.15591080386880662
0.1558987943850334
0.15587167408812896
0.1558629798596466
0.1558629798596466
0.1558629798596466
0.1558629798596466
0.15586092343985825
0.15585803692387612
0.1530529056213964
0.1530529056213964
0.1530529056213964
0.15299575138322496
0.15299575138322496
0.15299575138322496
0.15299566813197962
0.15299550606508627
0.15299212128382988
0.15299212128382988
0.1529733251069596
0.1529733251069596
0.15296836866086716
0.15278578118077202
0.15276187225081117
0.15276187225081117
0.15263884171296327
0.15263884171296327
0.15263884171296327
0.15263802894266165
0.15263802894266165
0.15215033719275117
0.15215033719275117
0.15215033719275117
0.15215033719275117
0.15215033719275117
0.15211490865953492
0.15211490865953492
0.15207105430576262
0.1520552760599485
0.15189909896987286
0.15189853682089005
0.15188270572060414
0.15182214639656544
0.15182214639656544
0.15182214639656544
0.15163415047543594
0.1511639383053306
0.1511639383053306
0.15095093745396548
0.1509353380381101
0.15093132222825756
0.15093132222825756
0.15093132222825756
0.15093132222825756
0.15092881323970142
0.15092219189369505
0.15092219189369505
0.15092219189369505
0.15091825170476325
0.15090825508828565
0.15090825508828565
0.15090825508828565
0.15089718507400507
0.15089718507400507
0.15089718507400507
0.15087608249954743
0.15087608249954743
0.15087608249954743
0.15087608249954743
0.1508670272627981
0.1508670272627981
0.1508670272627981
0.1508664009009335
0.1508664009009335
0.15086101308414523
0.15086101308414523
0.15084772300261295
0.15084772300261295
0.15084593887376074
0.14962231191874165
0.14962231191874165
0.14962231191874165
0.14962228610000816
0.14962025505703913
0.14961749461160967
0.149608143531333
0.14913140570005012
0.1490595001423457
0.148782833153968
0.14867434071859065
0.1475061430539616
0.1465998995920177
0.1465998995920177
0.14658502153349295
0.14576716775859155
0.14576716775859155
0.145471110731197
0.145471110731197
0.48438144730807886
0.47219018368419907
0.4708963860206171
0.47047007522341355
0.46230716829173424
0.4490491880692784
0.4362839111528509
0.43559455036668693
0.4280508539273221
0.41882466538867436
0.4082621341190915
0.4081674540474015
0.40288907249855754
0.396985372321323
0.3904581131457352
0.38365822456645027
0.377943185141017
0.377943185141017
0.37193227842990273
0.3677344232006984
0.3615340404235481
0.3615340404235481
0.3590924132015746
0.3581305146122453
0.3574198292921378
0.3536693117672892
0.3536693117672892
0.3521762380478759
0.3518444641290164
0.35046159790151
0.35015001885427877
0.3488442709432006
0.33984381882571957
0.33795223652009176
0.3355535693295191
0.33305650915815477
0.3321997943014674
0.3304619469722275
0.3301188242940143
0.32567166034746386
0.32190177620513083
0.3206670401788855
0.320209623643391
0.31998726644152486
0.3188053910009837
0.3171926928299713
0.31595516511225985
0.3156013815844333
0.31535823997458945
0.310460659949511
0.310460659949511
0.310460659949511
0.3098561967384035
0.3071862910247515
0.3071862910247515
0.30578765152752785
0.3047868595124009
0.3047868595124009
0.30374152806455734
0.30374152806455734
0.30374152806455734
0.3006879377156336
0.3006879377156336
0.30052294425058856
0.30052294425058856
0.3005229419574229
0.3003952568687557
0.30027223643714485
0.2992548214715892
0.2978885582028298
0.2970524258029842
0.29681217225784917
0.29569123309302014
0.29569123309302014
0.29506497734312065
0.29506497734312065
0.29407538850385184
0.29407538850385184
0.2937293770461137
0.2937293770461137
0.2923054688806316
0.2875380670743688
0.28689130906045934
0.28567917190461767
0.28402420895457636
0.2839791270125951
0.28354962279865636
0.28276718334983275
0.2825989699073499
0.2814975234409952
0.28114953977712165
0.2796152754652462
0.2796152754652462
0.2795344702524294
0.2771232730049378
0.27693595429191065
0.2762003465999451
0.27567864827362687
0.27539474867191194
0.27482866034426856
0.2729971140475056
0.2675667685977524
0.26711038463308445
0.2658590050962889
0.26573048418406797
0.2647831245059413
0.2646732581303777
0.2635607946879184
0.2635607946879184
0.26281564138731306
0.2618461571361663
0.26178039840535927
0.26178039840535927
0.2615911480700779
0.26142766581810806
0.26142766581810806
0.25912526562962945
0.25912526562962945
0.25697389280553784
0.2566653918862447
0.25630412898915245
0.2555970298452265
0.2546453202229686
0.2546453202229686
0.2535017249539535
0.25272158301627823
0.25257656457063293
0.25167630754682235
0.25122472001834995
0.2510013965495228
0.2510013965495228
0.2484610909688867
0.2484610909688867
0.2484610909688867
0.2477328205642777
0.2477328205642777
0.2473361572671957
0.2473361572671957
0.24388065411649984
0.24388065411649984
0.24388065411649984
0.24307271249464246
0.2418932900880515
0.24135597751855797
0.24108719802611034
0.24044928094718698
0.240262297143366
0.240262297143366
0.24019267495942265
0.23945511724047663
0.239309463723254
0.23765640221928153
0.23765586008146466
0.23765150685622538
0.2376003160790805
0.23705343006876545
0.23672178709734526
0.23672178709734526
0.2361646419875133
0.23502308636715186
0.23502308636715186
0.2341472948509694
0.2331416759904692
0.23204851623022882
0.23204851623022882
0.23114869532042093
0.23106054270459242
0.22922413646275086
0.22826611650451611
0.2279892376981102
0.22763611786425508
0.2273540317989018
0.22590239379401555
0.22588192031306098
0.22583675780649448
0.22524945392586682
0.22241337217893342
0.22235884501289127
0.22122396269559097
0.2211277289078577
0.22109865262708073
0.22076299848974057
0.22052586392650375
0.22052586392650375
0.22052586392650375
0.21971772640094578
0.21971772640094578
0.21911026367554987
0.21898728026854308
0.21898728026854308
0.21785504845962567
0.21785504845962567
0.21754635772835462
0.21754635772835462
0.2171308979581349
0.2168765917934231
0.21670223969291735
0.21666692411479305
0.21610272411287268
0.21526880762954836
0.21526880762954836
0.21490028691827756
0.21455920508383408
0.21455920508383408
0.21455920508383408
0.2143494571437904
0.2143494571437904
0.2140386731438093
0.2140386731438093
0.2140122751103284
0.2140122751103284
0.21385335234218505
0.21320522133673403
0.21320522133673403
0.21317681433956526
0.21278312932595322
0.2122505137019287
0.2097519768505175
0.2097519768505175
0.20917275515371836
0.20894368199782332
0.20859565827528803
0.20859565827528803
0.20844587475242482
0.20844495112759553
0.20784945175384273
0.20489952767655528
0.20489952767655528
0.20435938644207463
0.20429167726679676
0.2039828620903722
0.20382947156352682
0.20382947156352682
0.20382947156352682
0.20382947156352682
0.2032530852285116
0.2032530852285116
0.20297532414007102
0.2021657017181404
0.2021648823898794
0.2021648823898794
0.20198771671881643
0.20138220432027787
0.20089059144469423
0.19944347875120128
0.19944347875120128
0.19944347875120128
0.1993937440555702
0.19934713771259915
0.19933949244267868
0.1984719285498916
0.19800316921432326
0.19608349598885755
0.19608349598885755
0.19608349598885755
0.19390058092420626
0.19375553538201584
0.19372188768479937
0.19338490552459187
0.19311620672808427
0.19261616179341734
0.19146146343609816
0.18979794718352694
0.1897965710701971
0.18928103769802562
0.18877038857638684
0.1874780523208175
0.1874780523208175
0.1870386138097715
0.18463940083020314
0.18463940083020314
0.18446187560660066
0.1843980584935404
0.18421633090325829
0.18300124408349172
0.18275009420588284
0.18089606924467694
0.18089606924467694
0.18033014906537714
0.179504614798631
0.17890590333610334
0.17890590333610334
0.17890590333610334
0.17813251574840094
0.17813251574840094
0.17807244675710732
0.17807244675710732
0.17807244675710732
0.17786056204800405
0.17723051255744504
0.17703581953240166
0.17703581953240166
0.1767248441517858
0.1767030432967298
0.17669273639113436
0.1761833959691671
0.1759722193001363
0.1759354115751134
0.17573663814106333
0.1751081784139925
0.1751081784139925
0.1751081784139925
0.17467487109294988
0.1736530987237912
0.1736530987237912
0.17233275806158732
0.17233275806158732
0.17231119055987776
0.17137172928977396
0.16933756501071806
0.16933649623554348
0.16862028936637974
0.16862028936637974
0.16862028936637974
0.16862028936637974
0.16832666491451598
0.16822861997950966
0.168227928283875
0.168227928283875
0.16818019592352051
0.16813154131811492
0.16798188988323115
0.16766222325978086
0.16766222325978086
0.1674091822674505
0.16719456398699695
0.16709661296638834
0.16709661296638834
0.1668083037028516
0.1666698925021216
0.16608090751257143
0.16608090751257143
0.16608090751257143
0.16608090751257143
0.16594541251617678
0.165823752225139
0.16534558639302632
0.16431652097837435
0.16387888612678392
0.16387888612678392
0.16386122829881322
0.16386122829881322
0.1637954060781106
0.1636134839050809
0.16353857336302147
0.1583858184961533
0.1583858184961533
0.15726166757913806
0.15726166757913806
0.15709150012276674
0.15696149020225247
0.15696149020225247
0.15656223442436024
0.1557743779824715
0.1557743779824715
0.15575259777460126
0.15575259777460126
0.15562876251781899
0.15562298356447435
0.15562298356447435
0.15529223824474336
0.15528319511664745
0.15517453369186962
0.15512772048836598
0.15475553799579567
0.15418051564897617
0.154161896187045
0.15392127002898937
0.15392127002898937
0.15376903073068182
0.1537132613427321
0.15369150838412549
0.1528550412288353
0.15257412735148324
0.15256211339244208
0.15254555343904408
0.1521298070926833
0.1521298020174967
0.15196865787952185
0.15153321527016383
0.15134196817679946
0.1512195950694888
0.15120189390334937
0.15102739531760478
0.15102739531760478
0.1510273440569765
0.15086666725897757
0.1499883342179742
0.1499883342179742
0.14957770288451766
0.14957770288451766
0.14957770288451766
0.14944352906596692
0.14930169626883916
0.14925105314953846
0.1490080486957588
0.1490080486957588
0.1487230275571393
0.14857178962002782
0.14857178962002782
0.14854731166518098
0.147788539546441
0.147788539546441
0.14749064646686572
0.1470952145447475
0.14705333118770825
0.14705333118770825
0.14705333118770825
0.14690508545161307
0.14677820704833
0.1465634695529574
0.1465634695529574
0.1465634695529574
0.14649049645926004
0.14647440862788352
0.14638350281691004
0.1463466612882498
0.14624823369116235
0.14624823369116235
0.14609565357122667
0.14570374360714178
0.1456930274419388
0.1456930274419388
0.14567933712590586
0.14567933712590586
0.1456613714558731
0.14564829192761564
0.14564734185486294
0.14564734185486294
0.14556316638564204
0.14556316638564204
0.14556316638564204
0.14554126747050633
0.14554126747050633
0.1453187401203434
0.14519079797325518
0.14518867051306195
0.14518867051306195
0.14518787148201817
0.14518787148201817
0.14518664464994147
0.14401233542909986
0.14401233542909986
0.14401233542909986
0.14401233542909986
0.14396298628369986
0.14396298628369986
0.1434159914991402
0.14341466425350902
0.14341466425350902
0.14338845670624378
0.14326584328109204
0.14326584328109204
0.14300254691346315
0.14275393469393072
0.14275393469393072
0.14273736257322855
0.14266935919463208
0.14266224096465296
0.14265820133314655
0.14258533109127958
0.14208842532853438
0.142085522240343
0.142085522240343
0.14208461641550252
0.14198508445432734
0.14198508445432734
0.14198508445432734
0.1419827410343033
0.1419352338377956
0.1419352338377956
0.1419352338377956
0.14193523332242963
0.1418534652079113
0.14178484931848812
0.1411964083477364
0.14118720852684863
0.14113321964252512
0.14097310370106353
0.14097310370106353
0.14097310370106353
0.14097310370106353
0.14086176751773194
0.14086176751773194
0.14086176751773194
0.1406538070066562
0.14065145285153546
0.14065142670903863
0.140346629509691
0.140346629509691
0.14034557429967442
0.1403369196620834
0.14014689599917085
0.14014689599917085
0.14014689599917085
0.14014689599917085
0.14004041493945096
0.14004041493945096
0.14003168185280268
0.14001067106390763
0.4830407147287412
0.48045097938284076
0.4664646747631366
0.4653339330126527
0.45485360676916375
0.444444478140947
0.444444478140947
0.43605589410140133
0.43605589410140133
0.4313428781973202
0.4207045234817818
0.4162071375429347
0.4140140880984019
0.411683380032146
0.4080594038424812
0.40430375330888846
0.39660100799626796
0.39223904043620483
0.38659312352383346
0.37941820470543086
0.37941820470543086
0.3768299596090561
0.3768299596090561
0.3757919683316542
0.3748750103331827
0.3748750103331827
0.3730395860087631
0.3709971137774898
0.3680988994919747
0.3676949152043123
0.3656032701319555
0.3641101161765471
0.3627297191880846
0.3601192404625494
0.35867622596646787
0.3574963073922911
0.3558837102857424
0.3558837102857424
0.35485544249506484
0.35255191691360743
0.35255191691360743
0.3514519731787282
0.3514519731787282
0.34966335280554517
0.34889498721160384
0.3488681726298578
0.34751210344741934
0.34730192171836427
0.3468755929422489
0.3455519933049245
0.34495366956888973
0.3424293561125651
0.3421560920969132
0.34015338727553945
0.338141803720702
0.338141803720702
0.3374443904727309
0.33508877151727556
0.33465847466467236
0.3329022752131898
0.33226310571770423
0.32952948304606444
0.32952948304606444
0.3272541554812616
0.3272541554812616
0.32674856195427815
0.32643478607915855
0.32554551108117613
0.3235037018504313
0.3232554893529156
0.3198944991996825
0.3198944991996825
0.3191180306948066
0.31841341788397526
0.3169398929085385
0.3149168285469246
0.3140673101827849
0.3140673101827849
0.3128231454997622
0.31255049748133545
0.3120022739760726
0.31145933544613524
0.3112619014574439
0.3105485485284145
0.3091643867255268
0.3091643867255268
0.3080956690609432
0.30776630799020466
0.30766482776314186
0.306163302724038
0.306163302724038
0.3054463585731616
0.30427769623017187
0.3029669209430067
0.3028249866875933
0.3017392541756576
0.30046777434631444
0.2978128378040036
0.2978128378040036
0.2976710694909751
0.29626022826186205
0.29178649949118574
0.29114267294295737
0.28887205022767626
0.28435569879970624
0.28435569879970624
0.2826110228348694
0.28055728945186
0.28036276627720513
0.27985403515127094
0.27843595042101354
0.27843595042101354
0.27748218254477985
0.2773983354834194
0.2750633229688195
0.2737000961434506
0.2734755564346333
0.27180322498497245
0.270339075768805
0.26686345621752283
0.26656237004742067
0.26656237004742067
0.26487790018661794
0.26487790018661794
0.2634598081599707
0.2604799824971281
0.2604799824971281
0.25951876334394686
0.25748976074794083
0.2568247884579181
0.2517703367855032
0.24999928627811863
0.2477643622672009
0.24365325446084518
0.2436017490519008
0.24244495863322013
0.24077667441090722
0.24077667441090722
0.24006880119490326
0.24006880119490326
0.24005548343198924
0.23895430871399548
0.23894657116288787
0.23839161671163644
0.23718846211549094
0.2363950419288433
0.2352088662827555
0.2334144375423608
0.2334144375423608
0.2334144375423608
0.2326383610940953
0.23192696859808382
0.23173299115015666
0.23162977452540046
0.23127981893986516
0.23127981893986516
0.22796446722330477
0.22796446722330477
0.22796446722330477
0.22796217551163955
0.227280868924169
0.227280868924169
0.227280868924169
0.2265735760772265
0.2265735760772265
0.2265735760772265
0.22461692569873448
0.22461692569873448
0.2241577721391662
0.222955710532304
0.22236329008414102
0.22176586070479298
0.22176586070479298
0.22085016401219248
0.22085016401219248
0.22066503984170138
0.2200741537331481
0.2200741537331481
0.21969053630002588
0.21969053630002588
0.21778643367137762
0.21778643367137762
0.21778643367137762
0.21754000081509295
0.21698571098785913
0.21698571098785913
0.21674419193108796
0.21673803270536474
0.21621397259471764
0.21621397259471764
0.21621397259471764
0.2147029344855833
0.2147029344855833
0.21418664477489624
0.21384894770023677
0.2138317430399791
0.21261965122857118
0.21227010914069622
0.2118195773209436
0.2118195773209436
0.2116871598802681
0.2116871598802681
0.2116871598802681
0.21133524150774763
0.21096618069780337
0.21096618069780337
0.2105536213424971
0.2105536213424971
0.20930874323913207
0.20930769064216448
0.2090108831906934
0.20857478961880793
0.20814098108121792
0.20814098108121792
0.2077983557578339
0.2075660879579866
0.20661763883314055
0.2059535716604709
0.2059535716604709
0.20528799123758013
0.20528799123758013
0.20454120018334432
0.20454120018334432
0.20432068807236226
0.20370877271617627
0.20370877271617627
0.20370877271617627
0.20263807264161815
0.20263807264161815
0.20263807264161815
0.2026244947462027
0.2026244947462027
0.2026244947462027
0.2018258752191071
0.20175305722542936
0.20175305722542936
0.20142555297576437
0.20142555297576437
0.20120850315419458
0.20067704368694583
0.20067704368694583
0.20067704368694583
0.20006961612628393
0.20006961612628393
0.19952364580163162
0.19952364580163162
0.1991570103688639
0.1988310988620815
0.1985863847314887
0.1985863847314887
0.1985863847314887
0.19849977774000338
0.19849977774000338
0.19834923967408835
0.19599069637155853
0.19599069637155853
0.19599069637155853
0.19555476413858175
0.195405359363937
0.19538790219731983
0.19529698088664982
0.1948843287536849
0.1948843287536849
0.19459423022285138
0.19459423022285138
0.19421895176218384
0.19372433412764845
0.19322459371684142
0.1926720819864005
0.1926720819864005
0.19259211383150976
0.19259211383150976
0.19221953938588232
0.1921142818571091
0.19169981068671693
0.1908485539383622
0.1908485539383622
0.19072394092448308
0.18989081740398273
0.18989081740398273
0.18984878358721646
0.18984307310589488
0.18984307310589488
0.1898421976599991
0.18948725069929717
0.18919354316843096
0.1891827411332202
0.18899494347785728
0.18899494347785728
0.18888239314885769
0.1885740873584718
0.1885695364059744
0.188112514056326
0.18764303540436578
0.1875910819934734
0.18707141371197422
0.18707141371197422
0.18706662837446497
0.18681980577582735
0.18610069874764812
0.18610069874764812
0.18406367663273304
0.18406367663273304
0.18390500971348323
0.18390500971348323
0.1835958103871388
0.1835958103871388
0.1824247489337686
0.1824247489337686
0.18215836477478398
0.18215836477478398
0.18215836477478398
0.18090684866324103
0.18090684866324103
0.18080909325281236
0.18017290267724628
0.18017290267724628
0.17913442376803224
0.17913442376803224
0.1773384611483262
0.1773384611483262
0.17733235909849043
0.17654298828847892
0.17621072535689142
0.17606138431349105
0.17606138431349105
0.17515169192761493
0.1742325047523149
0.17399824325180835
0.17389701087087572
0.17387128232182714
0.17375663227706006
0.17355439783576931
0.17338041223701073
0.17332074452940682
0.17310153693357644
0.17290154746365338
0.17239570069729193
0.17171239367536073
0.17171239367536073
0.17109907504325683
0.17105138566796263
0.17105138566796263
0.17086362101273278
0.17063192027381102
0.17006524873432316
0.17006524873432316
0.17006524873432316
0.17002405721628533
0.17002405721628533
0.16983122863689348
0.16982277460567552
0.16928589732945964
0.1692503924194555
0.16924125069311735
0.1690837278226125
0.1681323886807602
0.16761757219940487
0.16756600326053628
0.16723944283286163
0.16623216435378108
0.16613187765201443
0.16606447136779023
0.16606447136779023
0.1652515704577343
0.16491778458362472
0.16490329044659924
0.16449779872466785
0.1644528011018025
0.16429654553885564
0.16365617172997504
0.16365617172997504
0.1630443938027374
0.16251385007820396
0.16251385007820396
0.16244845445120348
0.16238399261343373
0.16209018785878304
0.16209018785878304
0.1618358747123837
0.1618269260502858
0.16176341407955586
0.1614121713356631
0.1613080628350011
0.16129479980832784
0.1611935797901327
0.15996148285245648
0.15995134657523447
0.15962705546840272
0.159554435014734
0.1595527192178885
0.1595527192178885
0.1593311632801978
0.15799172860682031
0.15769278887009974
0.15768735856677663
0.15768735856677663
0.1575604284769463
0.15731170038752218
0.15731170038752218
0.15730380106322406
0.15729032782811614
0.15729032782811614
0.15624303697439235
0.15605115056130492
0.15565831829214605
0.15565831829214605
0.15551765573521537
0.15551765573521537
0.15545733342296253
0.15536695888894858
0.1545775345844025
0.15454438705833695
0.15449871576562846
0.15438848797992766
0.1543228088694858
0.1543228088694858
0.15420321945546367
0.1534801715545192
0.15323785918590538
0.15323785918590538
0.15310889870839772
0.15310889870839772
0.15302473782392378
0.15300404544604707
0.15283950060046914
0.15283950060046914
0.1527486131717839
0.1525774079464891
0.1525774079464891
0.1525774079464891
0.1525774079464891
0.15252545830988518
0.15252545830988518
0.15235740176111157
0.15235740176111157
0.15230335317592392
0.15230335317592392
0.15180953283223664
0.15180953283223664
0.15127891847602726
0.15109861180682072
0.15109861180682072
0.15102784464812247
0.15102784464812247
0.15102784464812247
0.15039958765411943
0.15039958765411943
0.1503990042882566
0.1503990042882566
0.14957274888714756
0.14888138084934366
0.14864466184601488
0.14864466184601488
0.14797420901931235
0.14763275496349437
0.14754834508338155
0.14754834508338155
0.14738871056323632
0.14738871056323632
0.1470712293587273
0.1466549831836279
0.1466549831836279
0.14665229335959773
0.1452760306702916
0.14524792658587538
0.14524402069650166
0.14518161315729894
0.14518161315729894
0.1451529846193348
0.14488026140455113
0.14488026140455113
0.14484892903405966
0.14478554165312274
0.14454734600033015
0.1420547543233761
0.1420113980033323
0.1419706567134016
0.1419706567134016
0.14163583252054712
0.14161482862623287
0.14161482862623287
0.14161482862623287
0.14131864543779427
0.1413149475181038
0.14128990657268425
0.14128990657268425
0.14123607539406913
0.14123607539406913
0.14123607539406913
0.14123513999703352
0.14123513999703352
0.14107094242710627
0.14105565067139125
0.1407769716618954
0.14076765376625489
0.14076765376625489
0.14075507453788516
0.14060155111444606
0.14057034580022154
0.47776333700360496
0.46610151883839834
0.4591930356072914
0.45786329515932367
0.4531623867020145
0.44178091242761264
0.4337930649104921
0.4294628198016871
0.4243270255271133
0.4205629435978425
0.41914868563735663
0.4110527102138266
0.40339291276972233
0.39993733378886487
0.39056326681620923
0.39056326681620923
0.38442434770356015
0.3815536800664687
0.3806108046551132
0.37506316468526524
0.37506316468526524
0.37506316468526524
0.37037467364126364
0.3703536092708263
0.37023998102256295
0.3676140808659031
0.36600910524850594
0.3644919889368363
0.3619711209195331
0.36050156440299386
0.3593424813816264
0.3567084658924562
0.35584945584585437
0.35233412715430545
0.35022874347743904
0.34739675161535244
0.34739675161535244
0.34480322602995694
0.3419869143241814
0.34141432704777197
0.3408590470342602
0.337893459795481
0.33550390536058794
0.3350558832198165
0.33060229848326006
0.325966607185741
0.32569495299936224
0.32549151380017294
0.3147782238686153
0.3130682861227214
0.31134355865163066
0.31023737725222855
0.30930035918191134
0.30776845895034755
0.3066557723959902
0.3042984612077101
0.3032868128548033
0.3026378204092336
0.2997557304350311
0.2997557304350311
0.2989849815466392
0.2988384521598728
0.29828681035604876
0.2920539884108363
0.2920539884108363
0.2896013032312781
0.2896013032312781
0.2889560308930693
0.287307975460095
0.28685053550041084
0.2864117185609897
0.28564735153393406
0.28462561867884784
0.2840059931191775
0.28333069391300336
0.28333069391300336
0.2819488803871787
0.28156137271789206
0.28156137271789206
0.27928219355517003
0.27928219355517003
0.2765498545118634
0.27336137093297774
0.27336137093297774
0.26713592321367396
0.26713592321367396
0.26576293171556475
0.26576293171556475
0.2653406408225184
0.26449165110178996
0.2627920241921493
0.2627920241921493
0.26047542774403243
0.26047542774403243
0.25300364607574133
0.25300364607574133
0.25126264928414876
0.2512504310950563
0.24752082609696457
0.24545743465641578
0.242597655145381
0.242597655145381
0.2423668199622987
0.24058540085228797
0.24019224635606107
0.24007248374732115
0.24007248374732115
0.2395875609902849
0.23885494820156583
0.2382773471673243
0.2382773471673243
0.23678873729455907
0.23678873729455907
0.23058914747452264
0.23058871963725558
0.22912581012317734
0.22788690586809868
0.22694415203545337
0.22440900659650964
0.22428210230553092
0.2221605928449324
0.2218786699510672
0.22165157021064286
0.22042850730104635
0.22033910151843272
0.21955150370881282
0.2181342865919449
0.21813426877218312
0.21639377428541007
0.21525616150918125
0.21385109124062596
0.21385109124062596
0.21335566000726514
0.21322521757499446
0.21251659649259413
0.21251659649259413
0.21233177792004332
0.2119060053788805
0.2114496834777011
0.21117762912369964
0.21083072865217423
0.21083072865217423
0.20976820261574447
0.2097084917703449
0.2091201238794982
0.2091201238794982
0.20896570444774276
0.2084289916950055
0.20831674497028363
0.20755138292446063
0.20744396029478607
0.20638097423772228
0.206091335490304
0.20532518889734386
0.2033335560766003
0.20285122862581562
0.20270095830939683
0.20239395283180883
0.201303247862055
0.201303247862055
0.19924323875006666
0.19924323875006666
0.19923215282624684
0.1977486028466393
0.19762753900863372
0.19682630789966316
0.19595309192218513
0.19555295191730182
0.19513813061566598
0.1903518059652508
0.1890469909166581
0.1889762755947214
0.18851152821762052
0.18626665675013054
0.1862086264770495
0.1857974946810519
0.1857974946810519
0.18443974060266421
0.18443974060266421
0.18415271356302132
0.18415271356302132
0.18340604904027125
0.18236544949696876
0.18236544949696876
0.181598948645873
0.18122806907869604
0.1811541750231005
0.1811541750231005
0.18056940739168492
0.1805367503128863
0.1805367503128863
0.1800580143632442
0.1799000292876124
0.1798338377960168
0.17950316284984913
0.1786955287625851
0.1786955287625851
0.17825277186694188
0.17825277186694188
0.17760735618063428
0.17707184569526868
0.1770004910785341
0.1770004910785341
0.1770004910785341
0.1770004910785341
0.1769362384530473
0.1764242624538115
0.17637332619093649
0.1758787410792617
0.17587871933987342
0.17555480787404543
0.1755341931400234
0.1752459929407143
0.17498039757568828
0.17498039757568828
0.17470305618999193
0.1740391866665707
0.17335297614579315
0.17335297614579315
0.1724950670212828
0.17215932563556313
0.17215932563556313
0.17107373038734253
0.17107373038734253
0.1707483042132134
0.1707483042132134
0.17024052207178786
0.17024052207178786
0.1702358249978947
0.1702358249978947
0.16941903365731548
0.16920332151929562
0.16920332151929562
0.16920332151929562
0.16920332151929562
0.16916456015125858
0.1690910036725518
0.1690910036725518
0.16869911825750805
0.16822070591151694
0.16803282283513876
0.16803282283513876
0.16802497698114072
0.16795673696036284
0.16702809926057172
0.16702809926057172
0.16673489503138417
0.1666454915091059
0.16634085599919313
0.1663373158802488
0.16574510893583683
0.16570977374077822
0.16504433402771235
0.16500917726297815
0.16481275099586723
0.16449346589940228
0.16449346589940228
0.16449346589940228
0.16422507960885135
0.16422507960885135
0.16422507960885135
0.16415337824175424
0.16381955455508845
0.16378418294260932
0.16378418294260932
0.16378418294260932
0.16373591045823266
0.16340351017858956
0.16340351017858956
0.1630685921488244
0.1630685921488244
0.1627248671500653
0.1627248671500653
0.16270703967563538
0.16081209729937962
0.16077432951645632
0.1607736697035742
0.16040932549812514
0.16036153598967295
0.16022629951863443
0.16022629951863443
0.16021270030464763
0.1601305784687519
0.1601305784687519
0.16001174432012788
0.16000141191728345
0.15991155054410133
0.15973982502071848
0.15878204203723878
0.15878008609657457
0.15873173450812372
0.15873173450812372
0.15855987674814453
0.15855987674814453
0.15790834566190226
0.15785044371083934
0.15785044371083934
0.15785039983320936
0.1577799851878705
0.1576212511052708
0.1573656608070716
0.15725645434743896
0.15725645434743896
0.15725645434743896
0.15716964545261336
0.15696190225865392
0.1568399679832171
0.1568187560697536
0.15678908857795304
0.15678908857795304
0.15676947717317524
0.1562354222896788
0.15598238985493784
0.15597631527941547
0.15582450580952067
0.15582450580952067
0.15580902533035357
0.1557755102033056
0.15543282430284722
0.15532774245682157
0.15531630167036947
0.15531630167036947
0.15531630167036947
0.15481953831767015
0.15481894703475296
0.15481894703475296
0.1544714386041579
0.1543580524036936
0.15434947600168158
0.15434947600168158
0.15391623784714836
0.15391623784714836
0.15369025432098848
0.15369025432098848
0.1532184098894921
0.15321781860657513
0.15321650393537978
0.15321650393537978
0.15313626704506378
0.15313626704506378
0.153129349077739
0.153129349077739
0.15312731692545256
0.15281497988808623
0.1525530926554881
0.1524916108991955
0.1524916108991955
0.1524916108991955
0.15248916462351192
0.15248916462351192
0.1522585984051843
0.15150601956300092
0.15150601956300092
0.15135552171183575
0.15130779704888708
0.15130779704888708
0.15051017441515468
0.1501242323185693
0.1501242323185693
0.1501242323185693
0.1501242323185693
0.1501197971080518
0.14967703281124534
0.14950332577731262
0.14950332577731262
0.14949702068901316
0.14949702068901316
0.14934372894340164
0.14934372894340164
0.14910360026457958
0.1490483331511011
0.14884327602701264
0.1487513042514681
0.1487513042514681
0.1487283872924252
0.1486938363256466
0.1479243076782163
0.1479243076782163
0.14786572896485517
0.14786572896485517
0.14785909806333009
0.14784351438846122
0.14784351438846122
0.14784351438846122
0.14756277532356132
0.14756277532356132
0.14754717247719806
0.14753899679813098
0.14753899679813098
0.14752134241634907
0.14734681440663355
0.14727378159778404
0.14727378159778404
0.14727269808883892
0.14727269808883892
0.14727269808883892
0.14710176745095938
0.14709194019582505
0.14703927918432202
0.14703927918432202
0.14693772652926806
0.14693772652926806
0.14692636793572922
0.14687197471170654
0.14682952857425313
0.14556069705928032
0.14544593522352056
0.14544593522352056
0.14542163567029176
0.14531575105349848
0.1453101689697659
0.14530250232154485
0.14528826400861738
0.14526904235043592
0.14526904235043592
0.14523520528275324
0.14520991441129383
0.1451446501223268
0.14507497479253673
0.14507497479253673
0.1450568154448738
0.14503680474001535
0.14503680474001535
0.14503680474001535
0.14503604040102724
0.14501791233819794
0.14446487795914742
0.1444625209795798
0.1444625209795798
0.14414920884054627
0.1441110387880249
0.1441110387880249
0.14410282658994755
0.14410282658994755
0.14410023613016176
0.1440923152702588
0.14408614816870136
0.1439885963313694
0.14388346193900436
0.14388346193900436
0.14387642160237368
0.14387642160237368
0.14369340412824305
0.14369174220069947
0.14369174220069947
0.14367520071428264
0.1436744323370568
0.14317122761100953
0.14285813972001138
0.14285813972001138
0.1427454213181497
0.1427454213181497
0.14273335089450978
0.14273335089450978
0.14273335089450978
0.14263448199105888
0.14263448199105888
0.14263205314899574
0.14263060165524888
0.14261157244007538
0.14261157244007538
0.14261157244007538
0.1425552425695964
0.14254107593849497
0.14254107593849497
0.14254107593849497
0.14254107593849497
0.14254107593849497
0.14254107593849497
0.14254107593849497
0.14253739619569417
0.14226147537106504
0.14226147537106504
0.14226147537106504
0.14224313104033948
0.14219337390699383
0.14219337390699383
0.1421815351345409
0.1417726020664961
0.1417239227382625
0.14171208998194673
0.14162553991186744
0.14162553991186744
0.14161027001551707
0.14161027001551707
0.14040183286454577
0.14040183286454577
0.14028511540148814
0.14028443565219906
0.13988110832136114
0.13988110832136114
0.13984163888474588
0.1398330422805072
0.1398330422805072
0.13983102421471472
0.13980393173697148
0.13980393173697148
0.13978338296483728
0.13975505473770733
0.13975505473770733
0.4900100886998725
0.4848436376644858
0.4595178706177244
0.4595178706177244
0.4452572232731036
0.4452572232731036
0.4380939565234512
0.428344947379968
0.42351343024152566
0.4183974114183876
0.4181791189043498
0.40816231461289876
0.4080249457283056
0.4041863390882784
0.39684256220090175
0.39684256220090175
0.3886998664109075
0.3886998664109075
0.388474224148747
0.3811490619939635
0.38002736027177475
0.3758381916493404
0.3730521663978047
0.3727971900408754
0.3633862644251814
0.3621807156352631
0.3621807156352631
0.359261449384366
0.359261449384366
0.35719970633847886
0.3553112192930309
0.35481019317046936
0.3523065201667983
0.3496960124577413
0.3488075956171708
0.34811989648771524
0.34583347490204797
0.3450658513425814
0.34392589983200905
0.3429289185952554
0.3412989021974884
0.34064622324157456
0.3390749001799138
0.33831265010091216
0.3341447065249278
0.3317123194408659
0.3317123194408659
0.3303721434622018
0.3303721434622018
0.32993512557705607
0.328727891747868
0.3283026835472178
0.32776258377008305
0.32576699371214657
0.32259759719628855
0.32259759719628855
0.32046515725897506
0.32046515725897506
0.3199158033876861
0.3190540061985845
0.31719164418435697
0.31508363898018155
0.3140299575290474
0.31305920003603394
0.31305920003603394
0.31193587954028845
0.3107873766734768
0.3107873766734768
0.31062932869390536
0.3089417433779288
0.307856482959339
0.3075787753720184
0.3050302865499951
0.30442029362155465
0.30442029362155465
0.30284990143870194
0.30284990143870194
0.30229917071053447
0.3015305430334423
0.300247836402059
0.3000510106867531
0.2990588009481975
0.2963559385979948
0.2963559385979948
0.2959497488371946
0.29457505127107986
0.29340697150754125
0.29338782600637414
0.29241816805843057
0.29241816805843057
0.29133609303343944
0.2897159668378033
0.2894056337907609
0.28772048908290004
0.28772048908290004
0.28702014870169257
0.2866562988079907
0.2851329736231024
0.28459173673313376
0.2833060999344865
0.28015846678739453
0.28015846678739453
0.27987215159848844
0.2744699508290912
0.2737953986190519
0.2727437062683208
0.2707718190499717
0.2702256404623833
0.2702256404623833
0.2694682774643251
0.2694682774643251
0.2662872858969666
0.265129167498967
0.26445105651618306
0.26199579581923127
0.25871246382851953
0.25834436028967445
0.256114176846139
0.2557829202302351
0.2542250920744672
0.2512303311345949
0.25013518012439917
0.25013518012439917
0.2490987690602301
0.2484355682537711
0.24601854092003017
0.24273622550475948
0.24113566219868954
0.24090590316139127
0.23849210781868024
0.23849210781868024
0.23731354447991304
0.23731354447991304
0.23655516381338115
0.23595177032937065
0.23488728541679382
0.23438577425172846
0.2338379434059592
0.2331205657905151
0.2329181358642627
0.2329181358642627
0.23284827665885544
0.23255641560012896
0.23255641560012896
0.23113005651812224
0.23113005651812224
0.23102121629818817
0.23065078103139924
0.2303537108612056
0.2276855426853409
0.22704083733634306
0.22667486677207394
0.22349935805375276
0.22349935805375276
0.22319499094323103
0.22210592859808376
0.22133093599387388
0.21983574793311522
0.21983574793311522
0.21899930305851378
0.2188899200712472
0.21868599522014942
0.2185837476768011
0.2184974343853655
0.21753613529771698
0.21717377288561113
0.21717377288561113
0.21697978736283408
0.21614416852960217
0.21609355958209064
0.21548048097931405
0.21548048097931405
0.21535024368958255
0.21507656327458224
0.21423234414330072
0.21396930941299552
0.21339899401604812
0.21286878896674677
0.21240132355915076
0.2121536278349787
0.211517966719996
0.21045745816634742
0.21045745816634742
0.2083464248125868
0.20756892283616135
0.20756892283616135
0.20645850974131008
0.20645850974131008
0.20642111741078684
0.20642111741078684
0.20594192817705048
0.20594192817705048
0.20594192817705048
0.20585719148184245
0.20533024615850204
0.20518245713983363
0.20458695897218604
0.20458695897218604
0.2036298808854885
0.20359521865628227
0.20279014452651156
0.2024685939864327
0.20236441748828704
0.20059632713231546
0.19974805930690076
0.199293460402458
0.19913237808696282
0.19913237808696282
0.19891829478732803
0.19851697130211887
0.19851697130211887
0.19808470327965044
0.1976669248103906
0.1976669248103906
0.19709585780311556
0.19709585780311556
0.19709585780311556
0.1959458862749821
0.19545920406702288
0.19544133818261822
0.19412852350022125
0.19394451547814562
0.19394451547814562
0.1935946806849388
0.19333498081394473
0.19314426166949095
0.19247332876381806
0.19230760973335614
0.1918262079983739
0.1914841887774028
0.1911234994618769
0.19110725842667275
0.19073839018359062
0.18830906553775995
0.18830906553775995
0.18830906553775995
0.18725205881770102
0.18724267508802128
0.18722309901643175
0.18717961931664617
0.18715018192189947
0.18608580421790188
0.1858338960652821
0.1850009448802472
0.18476932531565893
0.18476932531565893
0.18467093680653324
0.18461576438407257
0.18443766098640002
0.18441701470138028
0.18419333737530574
0.18409815943748997
0.18409815943748997
0.18405712214120884
0.18405712214120884
0.184003419125379
0.18379694914723066
0.18373515351950842
0.18299402891660088
0.1825077025644648
0.1825077025644648
0.1825077025644648
0.1821186685671996
0.1820747032219815
0.1820747032219815
0.18181733201719397
0.18149976903830478
0.18149976903830478
0.18089590220150908
0.18089590220150908
0.18085082427155375
0.1803327721556819
0.18032804834629923
0.18026849290454428
0.17964393036336113
0.1795336062995594
0.1795336062995594
0.17949541534807933
0.17948505013146754
0.17942972913778577
0.17942093387087465
0.1793317308798522
0.1792976154148742
0.17893860121198024
0.17761583849410667
0.17714059989847286
0.17714059989847286
0.17692082175558388
0.17593221688289729
0.17550322375540373
0.17550322375540373
0.17547333543668153
0.17547333543668153
0.17479446963156708
0.17479446963156708
0.17479446963156708
0.17472857135713493
0.17472857135713493
0.17466859772320598
0.17466224075682346
0.17444716859452336
0.17444716859452336
0.17401824618226847
0.17401824618226847
0.1720914584712553
0.1716916965249332
0.17165946330668114
0.17165946330668114
0.17160688693814186
0.17158774599719417
0.1715747867074594
0.1715747867074594
0.17120885700168686
0.17120885700168686
0.17120544138650884
0.17120044095788756
0.17117495551642858
0.17088726978450863
0.17088726978450863
0.17088726978450863
0.1708817320971353
0.1707559512050607
0.17070338797981888
0.17069533573813522
0.17069533573813522
0.17061533122657713
0.17061533122657713
0.17055513127221222
0.17054435449363126
0.17039636391875213
0.170360125290545
0.17032794159977904
0.1703168374132521
0.1688603940778297
0.16884518678779625
0.16878252062710897
0.1685227767594102
0.16848311546805694
0.16837949991295642
0.16837949991295642
0.16837949991295642
0.16837665579581085
0.16837341341108247
0.16837217156732842
0.16837217156732842
0.16816980197743014
0.16816980197743014
0.1679975697746705
0.16797782879973744
0.16797782879973744
0.16796731914645413
0.16757784900003014
0.16757784900003014
0.16756588950048168
0.16753849022989564
0.16753849022989564
0.16742556592144253
0.16684671395199013
0.16684671395199013
0.16684671395199013
0.1639102884301955
0.16391017221861026
0.1627272840606464
0.16238903387271297
0.16168762194372543
0.16168762194372543
0.15988307981017635
0.15988307981017635
0.15854753999470705
0.1579162950595413
0.1579162950595413
0.1571515965989163
0.1571515965989163
0.15714916751957764
0.15714916751957764
0.15705623343124742
0.1568634000361625
0.1567951074252083
0.1567951074252083
0.15648434063354577
0.15648434063354577
0.15647060985753736
0.15626684892595266
0.1561189620594018
0.15609813261107452
0.15609813261107452
0.15582681434958767
0.15572646904339715
0.1548003382463805
0.15480011576903652
0.15408995996442942
0.15408995996442942
0.15381266051483267
0.15333868082198587
0.15333868082198587
0.15321870345171618
0.15321870345171618
0.15294325895073313
0.15282909605888706
0.1528010507842441
0.15264456633044554
0.15253076354360906
0.1519329318890248
0.15188062304861139
0.15185271590304283
0.15151338385295965
0.1514463728888592
0.1513663886026968
0.15128112588128284
0.15053526779361848
0.15053526779361848
0.15043224016261303
0.1503923830776348
0.15018066651721518
0.14980597362582937
0.1496339505757054
0.14952488642622208
0.14899134595893948
0.1489420566282853
0.1489420566282853
0.1489420566282853
0.14821130529545457
0.14817785479424228
0.14798743861594
0.14798743861594
0.14798743861594
0.14796088343229763
0.14778056736237632
0.14765903977984385
0.14756259867455424
0.14756259867455424
0.14742162305387208
0.14732934080486138
0.14726757335897633
0.14726757335897633
0.14720575439104466
0.1471352705291673
0.14711017314707353
0.14711017314707353
0.14701275892395504
0.14640264718885898
0.14638557721959455
0.14638557721959455
0.14638557721959455
0.14620481279219377
0.1458377158415638
0.14582822479936075
0.14580371227977884
0.1454839682097987
0.14546969890881856
0.14534567054729108
0.14526928925976001
0.14525536949286733
0.14525347975135494
0.1449178687024718
0.14489528436664134
0.14468601286066984
0.14468601286066984
0.1446849700259174
0.1446849700259174
0.14467564704514324
0.14467564704514324
0.1446729873149405
0.14460670676227183
0.14460310657574338
0.14460310657574338
0.14460310657574338
0.14440180235883693
0.14440180235883693
0.14433286207596552
0.14433286207596552
0.14433286207596552
0.14433040500183902
0.14433040500183902
0.14432596697744604
0.14432596697744604
0.14432596697744604
0.14431619116728733
0.14424222472323767
0.1442395131418116
0.1442205380498207
0.14417611247231443
0.14417611247231443
0.14417611247231443
0.14416753197431487
0.14416753197431487
0.14365390757038843
0.1436274180410192
0.1435630955870576
0.1435630955870576
0.1435064920596234
0.1435060543880794
0.14323073360114547
0.14323073360114547
0.14323073360114547
0.14323073360114547
0.14322827652188042
0.14322827652188042
0.14322827652188042
0.14322827652188042
