0.33004245527448417
0.3296741731302095
0.32904251072851876
0.32815795148623905
0.32798196527025325
0.3273324043918072
0.3273324043918072
0.3256407009131582
0.3256407009131582
0.32487806533781327
0.3241116695345152
0.3241116695345152
0.323731490255478
0.3227582851360401
0.322490859294008
0.3216453028671873
0.321412410183021
0.3211087387462104
0.32030027243567416
0.31973837599957344
0.31962800285706505
0.3170072031869531
0.3170072031869531
0.3170072031869531
0.3170072031869531
0.31622420690831343
0.31573873725189205
0.3151885639432438
0.31513312271704597
0.3149589897103947
0.31333802238935593
0.31330241776523526
0.3124621163064015
0.3124621163064015
0.311277446281474
0.31032502963756214
0.3102200644094044
0.3101781350641528
0.30938703709488047
0.30938703709488047
0.3091772180107839
0.30910917444103203
0.30851219952039166
0.3079951501098386
0.30766533361416337
0.3075182410764209
0.3075182410764209
0.30675709444431154
0.3053275012875689
0.3053275012875689
0.30447573804085903
0.30147383239537395
0.30147383239537395
0.30147215673973615
0.301082175342842
0.2998852927434913
0.29788731347496933
0.29788731347496933
0.29788731347496933
0.2974816728350399
0.2969797321969876
0.2969797321969876
0.29658406706654217
0.29620342781282794
0.29620342781282794
0.295527805692555
0.2953551359919143
0.29428271022262387
0.29428271022262387
0.2930666335117763
0.2930666335117763
0.29083032815528687
0.29083032815528687
0.29082156274910675
0.28672158515624957
0.28637820070123043
0.28637820070123043
0.2858889873377195
0.28473977748675283
0.28467312839322667
0.28454954230066964
0.28394162608725426
0.28394162608725426
0.282623923261192
0.27926510881969435
0.27926510881969435
0.2782203435960474
0.2738698628363764
0.273410603250149
0.273410603250149
0.27111763389697907
0.2711170099501127
0.2710238369115938
0.267510364435524
0.26272128952666773
0.26257883450967245
0.25958423216948934
0.2575914662935087
0.2575914662935087
0.25758882424430685
0.25756049772378975
0.25482651295542014
0.25482651295542014
0.25416381973170854
0.25185835505923426
0.25185835505923426
0.2505168475840973
0.2505168475840973
0.2505164321599179
0.24926935728877175
0.24926935728877175
0.24837994064348257
0.24788052657641269
0.2478629029853
0.24692741970162935
0.2468644219199334
0.24547051143516574
0.24547051143516574
0.24532579169741686
0.24379305368333437
0.24379305368333437
0.2425389928823265
0.24253486940882552
0.24245684101271503
0.2416604481850918
0.24031234086575448
0.22964920940823264
0.22964920940823264
0.22914288526981752
0.22694780584677166
0.22694780584677166
0.22657792883624728
0.22657792883624728
0.22622312705403902
0.22574535158929276
0.2255899394400528
0.2255899394400528
0.22471681651328312
0.22436721784177882
0.22429160269972703
0.22302557379442955
0.22302066176201407
0.22259530655101623
0.2220923117406236
0.22194871595593413
0.22088408779831437
0.22088408779831437
0.2204946871864446
0.22011816607984525
0.21982331975381075
0.21982331975381075
0.21982331975381075
0.21891976413482472
0.21707426780058647
0.21653487663068205
0.2164161134307706
0.2162933855710193
0.2136209108636118
0.2136209108636118
0.21305614281653706
0.21305614281653706
0.21040723651848137
0.2103298517020229
0.21019006134042617
0.20970794693731742
0.20771217741431747
0.2064138378123045
0.2064138378123045
0.2064138378123045
0.20478004945330408
0.20478004945330408
0.20397795858379786
0.20385841445173092
0.20136432314294694
0.20134219616710103
0.20125041833412027
0.20068385117916676
0.20038878920451797
0.1998570249156464
0.1991461551272824
0.19872730743224654
0.1986442511446591
0.19816223926719922
0.19731427995578776
0.19730116685643395
0.19708894151571976
0.19707433121761708
0.1969687473868863
0.1966024094812271
0.1964127916027607
0.19455633936635908
0.19455633936635908
0.19455633936635908
0.1942800160732766
0.19289889784925507
0.1928949395350128
0.1928949395350128
0.19240474812835406
0.1923763224412276
0.19221129398558612
0.1908237660060792
0.1898416357562518
0.1898083007367457
0.18928472677677988
0.18927645850695984
0.18892000738051484
0.18892000738051484
0.18844100794227558
0.18807498108204102
0.18807498108204102
0.18766169467315008
0.18766169467315008
0.1867549336426506
0.18628051915817512
0.18628051915817512
0.18627442548718143
0.18625800355235478
0.18614186471386995
0.1856286376588412
0.18542481553406331
0.1852371125902702
0.18516945691366848
0.18516945691366848
0.18516945691366848
0.18415048005294554
0.18415048005294554
0.1840925488276528
0.1837600110025266
0.18363671615139643
0.18320114339107696
0.18284540845222153
0.18232976809166246
0.1815430324134334
0.1815430324134334
0.18137968146473893
0.18131301522262377
0.18119166317299396
0.1809736385286732
0.18079712292508088
0.17965540053049045
0.17965540053049045
0.17940774198067777
0.17890628143025233
0.1789049855014111
0.1781178339594387
0.175899928300987
0.175899928300987
0.175899928300987
0.17581292316802644
0.174779988202573
0.174779988202573
0.1744953208085881
0.1744953208085881
0.17445450952854713
0.17429452464363138
0.1741417066254246
0.17396337198379652
0.17396246739470556
0.17372579387256315
0.1737249154652285
0.1734319006426125
0.17328908086691464
0.1728950994636047
0.1728907189738209
0.17273922990817436
0.1724343210982514
0.1724334579276513
0.1721542612361462
0.171760961364107
0.17175120144605893
0.17173089712754463
0.171461602820129
0.171461602820129
0.1711232240393017
0.1711232240393017
0.17092577632170491
0.1702385664459014
0.1702385664459014
0.1701779142310066
0.1701779142310066
0.17011766912754456
0.16976642432210942
0.1695122656293666
0.1695122656293666
0.16934120448412815
0.16905122402760042
0.16905122402760042
0.16890896833792712
0.1685416565794582
0.1685416565794582
0.16822317606746706
0.1681950938813327
0.1681950938813327
0.16781666455053168
0.16781666455053168
0.1677958209391981
0.1677958209391981
0.16776745999259846
0.16660960543197867
0.16660960543197867
0.16588817397505662
0.16536987593271935
0.16536987593271935
0.16434282198484096
0.16434282198484096
0.16432317671585717
0.16432317671585717
0.16356046654224699
0.16311211068784848
0.16273301674042584
0.1613329762898974
0.1613329762898974
0.1613329762898974
0.1613329762898974
0.1613329762898974
0.1613329762898974
0.1611430031682627
0.16036069049981816
0.15976612303990678
0.1596460448161291
0.15963316604212652
0.15928141487164704
0.15915517467097462
0.15897646163007384
0.1588790659638326
0.1588790659638326
0.1583869070919689
0.15784524923790355
0.1574991035929888
0.1574991035929888
0.1574991035929888
0.1574431323423119
0.1574431323423119
0.15715631070049563
0.15693356258179392
0.15693356258179392
0.15669869474791498
0.15669869474791498
0.1566985792109451
0.15653633671686729
0.15642373249221275
0.15637741576835085
0.15625450798845786
0.15578105998784453
0.15578105998784453
0.1556214333296797
0.15426241982486866
0.15400616774444698
0.15385600991991555
0.1528559260376906
0.1528559260376906
0.15285471411594376
0.1528054149214747
0.1526073993909467
0.15256500191576217
0.15256500191576217
0.15235097669472386
0.15233795745768153
0.15233795745768153
0.15205373503736075
0.15205373503736075
0.15204944004749832
0.1519765547598747
0.1519765547598747
0.1519765547598747
0.15185627993069484
0.15122315563145328
0.15122315563145328
0.15104835227198254
0.1506212122661973
0.1506212122661973
0.1506212122661973
0.15023693662484494
0.15023693662484494
0.15023693662484494
0.14994276198528944
0.14988528906118914
0.14988528906118914
0.1493929699763915
0.1493929699763915
0.14885502443563614
0.14885502443563614
0.14885502443563614
0.14885502443563614
0.14885502443563614
0.14885502443563614
0.1486669587960715
0.14807803319062296
0.14807803319062296
0.14807803319062296
0.14800005010719353
0.14800005010719353
0.14800005010719353
0.14799979741883673
0.14685494536121768
0.14685494536121768
0.14685494536121768
0.146798557517122
0.146798557517122
0.146798557517122
0.1467850088592333
0.14662570039437572
0.14662570039437572
0.14656090491406082
0.14656085820212417
0.14607998304673864
0.146079313023334
0.145670619217942
0.145670619217942
0.14565596746461007
0.1456063369859084
0.1452606435249998
0.1452606435249998
0.14405338683328128
0.14405338683328128
0.14277906184384948
0.14277906184384948
0.14277906184384948
0.14277816861602521
0.14274466836723032
0.1426863705067436
0.14244070263565722
0.14244070263565722
0.14244070263565722
0.14230507295685024
0.14224117482585874
0.14224117482585874
0.14094849202134574
0.14094849202134574
0.14094849202134574
0.14094849202134574
0.14049770350393376
0.14049770350393376
0.14022986751322963
0.14022986751322963
0.1401360694854572
0.1399535316352597
0.1399535316352597
0.1399535316352597
0.13986191994971486
0.13986191994971486
0.13986191994971486
0.13986191994971486
0.13967590576466882
0.13967590576466882
0.13967590576466882
0.13954271895788461
0.13954271895788461
0.13954271895788461
0.1393978091846213
0.1393978091846213
0.1393978091846213
0.13938922134917253
0.13938922134917253
0.13931003617671422
0.13922775036759993
0.1391693697120857
0.1391693697120857
0.1387389950383896
0.1387389950383896
0.1387389950383896
0.1387389950383896
0.13856388288973143
0.13856388288973143
0.13856388288973143
0.13856388288973143
0.1385638278273882
0.1385185114573445
0.13844474842365773
0.13819037748425245
0.13819037748425245
0.13819037748425245
0.13819037748425245
0.138180113744225
0.13783872611071613
0.13783819906281358
0.13774316611675708
0.13753927365746943
0.13753927365746943
0.13753927365746943
0.13746106982550466
0.13744513738258235
0.13726406115724454
0.13726406115724454
0.13720164837218396
0.13720164837218396
0.13720164837218396
0.13707077810814705
0.13698617760597243
0.13679407390635734
0.1365391175812325
0.1365391175812325
0.13652774681174695
0.13579043165667126
0.13579043165667126
0.13579043165667126
0.13579043165667126
0.13579043165667126
0.13572240496940602
0.13567816512904385
0.32477387564536253
0.3246797967686842
0.3245133459689534
0.32412571085862374
0.3237309244535175
0.3232192807344242
0.32308681933337
0.32246462059750103
0.32217831802209873
0.3216082148103895
0.3208437600409241
0.3202685446716541
0.31958912130345596
0.31958912130345596
0.31958912130345596
0.31951489826931445
0.3192589933717007
0.31754743698626164
0.31732804872826237
0.3163374430463707
0.3163374430463707
0.3162681802851689
0.3162681802851689
0.31478361073883776
0.31478361073883776
0.3145153178099741
0.3142239665809028
0.3139684877964459
0.31252373488220864
0.31252094660112695
0.31214527879229903
0.3109066060593748
0.3101700264308649
0.3101700264308649
0.30931281631927376
0.3085683254449624
0.3083197756013658
0.30759263367877965
0.30759263367877965
0.30731113978969116
0.30731113978969116
0.30717285049576337
0.30713282447421764
0.30691268225925095
0.30615452394617193
0.30581300052197635
0.30476890725802563
0.3043160915707115
0.30392412360734866
0.30392391454788714
0.3038776846986545
0.30345574529545205
0.30269229634269257
0.3023842642412692
0.3017594519148652
0.30059155035082064
0.2991988437371714
0.2991988437371714
0.29887066838876075
0.29830628069925336
0.29830628069925336
0.29830628069925336
0.29681801811065256
0.2967761701447089
0.2962132219232261
0.29592894364177635
0.2950440315557957
0.2950440315557957
0.2950440315557957
0.294619133057721
0.294619133057721
0.2941372980355468
0.2930589064439849
0.2930589064439849
0.29057557558184444
0.2895390483257493
0.2890307225327464
0.28596130883341
0.28596130883341
0.28596130883341
0.28594843091996214
0.28501101366464554
0.2842124406842188
0.28374863663679395
0.2837341898710578
0.2833096223660563
0.2810847609620477
0.2810847609620477
0.2809383356079088
0.2808206994123288
0.280280719875577
0.2802619304280125
0.27911661984988057
0.27911661984988057
0.2780076899505045
0.2776525421143695
0.2773804364535708
0.27732189103692473
0.27582771635005143
0.27582771635005143
0.27582771635005143
0.27563780796714565
0.2751991940527174
0.2751991940527174
0.2751991940527174
0.2733514443934606
0.27101692035649383
0.27101692035649383
0.27101692035649383
0.2706426989697992
0.2671834469669334
0.2671834469669334
0.2671830364031432
0.26512758741613063
0.26512758741613063
0.2649256336910949
0.26435644310870676
0.26418692136625466
0.26336200859694636
0.2633004481217214
0.2628038428676617
0.26267544142827093
0.2586600521712882
0.2586600521712882
0.2586600521712882
0.25745748208103103
0.25745748208103103
0.256716743227818
0.2511346973483801
0.2511346973483801
0.25028215041701296
0.24840316038783095
0.24608173072911355
0.2441275092995976
0.24378027597904062
0.2425055647076806
0.24233268819557252
0.24198269786474602
0.2413134658150986
0.2403189575851612
0.2403189575851612
0.2403189575851612
0.2393928768703062
0.2393928768703062
0.2393928768703062
0.2393928768703062
0.2393928768703062
0.239148406183324
0.23867433638987956
0.23867433638987956
0.23855290360510617
0.2374451578527731
0.2374451578527731
0.23743443400727393
0.23743443400727393
0.23707517696200553
0.23707517696200553
0.23542482129485653
0.23542482129485653
0.23541948349805863
0.23534908735067073
0.23534908735067073
0.23443817482702534
0.23443817482702534
0.23433160416698606
0.23415850348110856
0.23348792974521737
0.23348792974521737
0.23293279422414004
0.23293279422414004
0.23293279422414004
0.23289329587314833
0.23289300179542505
0.23253827449565967
0.23096710880830618
0.23096710880830618
0.23083025824607495
0.23083025824607495
0.22991259868330094
0.22991259868330094
0.22982729955832681
0.22925293834562865
0.22870357039556377
0.2285478597596481
0.22853431407241565
0.22750351283393144
0.22750351283393144
0.22750351283393144
0.22619964927906455
0.22619964927906455
0.22619964927906455
0.2261118444885929
0.22607302227045845
0.22544916517257774
0.22544916517257774
0.22508357158724313
0.22443225410452927
0.22443225410452927
0.22381039044979156
0.22381039044979156
0.22293568340417413
0.22293568340417413
0.22293568340417413
0.22293568340417413
0.22216111170193675
0.2218593102098636
0.2218593102098636
0.22184771607216713
0.22163366740625978
0.2214143626944468
0.2214143626944468
0.22105435966738818
0.22105435966738818
0.22105435966738818
0.22105435966738818
0.22094150014789504
0.22090074734911724
0.21953784868854476
0.21836847778086277
0.2183108369008504
0.2183108369008504
0.21752509995294467
0.21752509995294467
0.21739392155788484
0.2172842678392607
0.2163666325552046
0.2163666325552046
0.21627929216055541
0.21599054418367936
0.21586095900997904
0.21586095900997904
0.21465503360964888
0.21458570451330516
0.21451042134799814
0.21420534225228782
0.21397716205420914
0.21397716205420914
0.21381424277936134
0.21307872448776077
0.21307872448776077
0.21220702304629013
0.2122015828596373
0.21218004902674426
0.2115256093917085
0.20981549771754016
0.20981549771754016
0.2091282382253773
0.2078027312346329
0.20773408089898926
0.20725513571526444
0.2068840214519333
0.2067515558850075
0.2065730128357317
0.2065730128357317
0.2065730128357317
0.20610434556563162
0.20610434556563162
0.20610434556563162
0.20596880584470567
0.20535378905530943
0.20382330827485584
0.20382330805066062
0.20382330805066062
0.1971607632723753
0.1971607632723753
0.1960792694147876
0.19397774548033953
0.19397774548033953
0.19397214563502352
0.19323271060698288
0.19236817432865572
0.19236817432865572
0.19219778209963445
0.19165980926771264
0.19165939817632727
0.1915504830519067
0.19091412550624054
0.19091412550624054
0.18828709159575552
0.18807814995211058
0.1874717768331443
0.18336342900752345
0.1815852955878039
0.18087780903421757
0.18087780903421757
0.17939987924955514
0.1785043045212138
0.17812136990059835
0.17801199441739113
0.17771291559873237
0.17771291559873237
0.17759746424954437
0.17759746424954437
0.17731734036121627
0.17713859412637367
0.17360431647118224
0.17360431647118224
0.17339763018316812
0.17339763018316812
0.1725063152062658
0.1725063152062658
0.1725063152062658
0.17202848755774414
0.17201530784761354
0.1715274799785771
0.17136668293097668
0.1712675541775025
0.171035273447389
0.17071921215037011
0.16955871266074807
0.16955871266074807
0.16955871266074807
0.16875819603232944
0.16851475877769184
0.16851475877769184
0.16793375842396852
0.167775597875489
0.16710917300590056
0.1665399922995342
0.16607593223725514
0.16589243012279398
0.16507545147929614
0.16443520267198375
0.1619451365015746
0.1619451365015746
0.16194330023729375
0.16143057672132177
0.1612277278162253
0.16074753808322206
0.16074753808322206
0.16071180157894416
0.16043463552336668
0.16041075117472436
0.15957000481477102
0.15957000481477102
0.15940462178479975
0.15940462178479975
0.15938383520922572
0.15938383520922572
0.15933315104045975
0.1590717193260519
0.1585543435587412
0.1580148091423732
0.1580148091423732
0.1579458687444384
0.15717267333495477
0.15717267333495477
0.15717267333495477
0.1557610486725517
0.15575262398596978
0.15529785356360315
0.15529785356360315
0.1550542978338616
0.1549205326934181
0.15478080117497117
0.15478080117497117
0.15454043192695643
0.15441918300135937
0.15392221883879198
0.15328369421643628
0.15328369421643628
0.1530301338533424
0.14958504498534142
0.1489749593171089
0.1489749593171089
0.1450562893724452
0.14485844435543194
0.14232529443092212
0.14232529443092212
0.14207422283749438
0.14183821101870253
0.14088314136474456
0.13986596248451544
0.13980704365503316
0.13946528700359384
0.1389422181043829
0.1389422181043829
0.1389422181043829
0.1389422181043829
0.13824859010212998
0.13824859010212998
0.13824859010212998
0.1379618468864906
0.1379618468864906
0.1379114823503541
0.13751874249949003
0.13751874249949003
0.1373980494426983
0.13716527914489685
0.13716527914489685
0.13716527914489685
0.13660236364550216
0.1363933436507816
0.13630332840419446
0.13630332840419446
0.13630332840419446
0.13630332840419446
0.13628013651042192
0.13611928889466962
0.13611928889466962
0.1358481825745289
0.1358481825745289
0.1358481825745289
0.13541504673242166
0.13541125899700457
0.13487656546318905
0.13484774396098143
0.1348373906603304
0.13470246446447032
0.1346082002450838
0.13410935188863493
0.13410935188863493
0.13410935188863493
0.133960686276544
0.13359977714488924
0.13359977714488924
0.13351169773497995
0.13351169773497995
0.1329113530138456
0.1329113530138456
0.1329113530138456
0.1329113530138456
0.1329113530138456
0.13272054567333313
0.13264859771852755
0.13261961295008562
0.13261961295008562
0.13235891513394538
0.13219083030607381
0.13219083030607381
0.13219083030607381
0.13196613516104816
0.13190927594328616
0.13190927594328616
0.13190927594328616
0.13179952471563372
0.13110202531398085
0.12872423941505673
0.12872423941505673
0.12872423941505673
0.12784842491187132
0.12784842491187132
0.12784842491187132
0.1278327173161118
0.12753799933601273
0.12744642983428067
0.12744642983428067
0.12744642983428067
0.12720667471487324
0.1267767957661753
0.12670942927062945
0.12659404381529737
0.12632297627319855
0.12632297627319855
0.12632297627319855
0.12632297627319855
0.1262090961061001
0.12608597090486362
0.12566831706422854
0.12566831706422854
0.12566831706422854
0.12566831706422854
0.12446760829660142
0.12446760829660142
0.12441846205373674
0.12379967025411953
0.12379967025411953
0.12373040360983756
0.12202360414731528
0.12202360414731528
0.12200402659844467
0.12181235949268732
0.12179551854331061
0.12147171152172687
0.12133895196138844
0.12121076070176195
0.12007959570423787
0.12007959570423787
0.1200756976447599
0.11996145963838412
0.11975091349458389
0.1194871738535187
0.1194742798313233
0.1194742798313233
0.11946775210480365
0.11890737041632427
0.11890737041632427
0.11890737041632427
0.11890737041632427
0.11890737041632427
0.11882396958685759
0.11880236641015252
0.11873942915505575
0.11820740149101527
0.1180981311195759
0.11797966733449905
0.11786365759635165
0.11786365759635165
0.11771648616890418
0.11763471647142454
0.3293748440982168
0.3293017611329585
0.3282648418734272
0.3282648418734272
0.32814186757152186
0.3269025149476674
0.3262797429151738
0.3257673734364006
0.3239813350624663
0.3239813350624663
0.3234899893048051
0.3234083435017914
0.32239272764260163
0.3219594191085585
0.32050678853436243
0.32050678853436243
0.319103869917696
0.3186626496781373
0.31653362309185906
0.31653362309185906
0.31651341184823156
0.31623018149334514
0.31547026804578027
0.3144373540020017
0.31417112089540644
0.3139847952785937
0.3129842592022024
0.3120161686440224
0.3102539371581141
0.31024176485208144
0.30992904383204467
0.3093402020304976
0.3092075576358989
0.3075823344998929
0.3075823344998929
0.30682971014516425
0.306016844528161
0.3060118102705789
0.305331480079024
0.305331480079024
0.30473504098076565
0.30470818503231145
0.30440693076752745
0.30307139448898557
0.30307139448898557
0.30307139448898557
0.30300004966947713
0.3014143631870275
0.3013219044255392
0.2998297413233867
0.2998297413233867
0.2989555600008411
0.2989555600008411
0.298594566386995
0.298577640588954
0.2975570738357354
0.2975570738357354
0.2965754976784474
0.29445743968246396
0.2931656521918209
0.29076367329475494
0.28998821112901163
0.28998821112901163
0.2872887473674647
0.2872887473674647
0.28676245759215846
0.2859840070047016
0.2859840070047016
0.2852905244033489
0.285209392270928
0.28356722702987247
0.28341778936572215
0.28336753206635557
0.2822090084607525
0.2820963504782835
0.28133604358066355
0.28133604358066355
0.28126664983331817
0.2804089779895884
0.2804089779895884
0.28032939548414426
0.280028113887117
0.280028113887117
0.27996006557024433
0.2795322206379275
0.2795322206379275
0.27947359114706993
0.2790006937835494
0.2789490375976129
0.27894690211768436
0.2783922185046315
0.2778617046617218
0.2773123236772628
0.2773123236772628
0.27696102369998954
0.27696102369998954
0.2767237703493044
0.2764235460126452
0.27627048433850065
0.2762523217679691
0.2762523217679691
0.276038704462387
0.2758071582698185
0.2758071582698185
0.2755417045432167
0.275495969543464
0.2754362433995913
0.27502280011370017
0.2749411847993638
0.27467962164343795
0.2727780154942183
0.27203506132887123
0.26606639656504527
0.26528815934178485
0.26528815934178485
0.26470015901927946
0.2618415393434812
0.2618415393434812
0.2618415393434812
0.26174856680522274
0.26157325918424423
0.26147762669007435
0.26072806536965587
0.26072806536965587
0.26068119416129976
0.26063718422493853
0.2602779567567808
0.2602779567567808
0.2601848392229582
0.26002233896052174
0.25965313382160804
0.2596495725166019
0.2590800898230038
0.2590800898230038
0.2585616683644857
0.2585616683644857
0.25849652962979297
0.25816001293635493
0.2570753043300338
0.2566104281253503
0.256529147729718
0.25611133824880117
0.255723746448402
0.255723746448402
0.255723746448402
0.2552110867542964
0.25476716905930374
0.25476716905930374
0.25476716905930374
0.25464307310990464
0.2537773967193835
0.2537773967193835
0.2537773967193835
0.2535080683499418
0.25245487578465087
0.25245487578465087
0.2524402800565122
0.2510412666105931
0.2510412666105931
0.250054477090934
0.250054477090934
0.24891100131377586
0.24891100131377586
0.24889913208612324
0.24676563358608117
0.24676563358608117
0.24676563358608117
0.24676563358608117
0.24634672167987337
0.2444420964347902
0.2444420964347902
0.2440978255438533
0.24351129914038183
0.2431663912679275
0.24280064901304144
0.24266010315928355
0.24249161978650136
0.24170466058221185
0.24168240479102887
0.2414023353333571
0.24019254572895
0.2396921145742631
0.2396921145742631
0.23906434923788977
0.23899798802364225
0.23899798802364225
0.23899798802364225
0.238888220230269
0.2386571861990262
0.23835845882143725
0.23835845882143725
0.238353987115422
0.23813490431145945
0.2378937461187155
0.23780971605133783
0.23780854128214757
0.23746886007021517
0.2373923444716769
0.23733444224522315
0.23710551847561157
0.23690961492563567
0.23654278255094374
0.23648229477948968
0.2357968956506611
0.2357968956506611
0.23579127837182257
0.23568430878354674
0.23519229036541067
0.2348607860112788
0.2348607860112788
0.2348607860112788
0.2346803965295463
0.23440296488458423
0.23440296488458423
0.23410446365990734
0.23381907348316
0.23369975196827864
0.2330958168994388
0.23308907005098456
0.23287161391112632
0.232570667605545
0.2325134673367999
0.23234443573107
0.23175697722705657
0.23140975535118313
0.23136682280930787
0.23128870768391796
0.23128870768391796
0.2311372866120327
0.2306091458737327
0.22966669626645964
0.22966669626645964
0.22966669626645964
0.22896601163266284
0.22896601163266284
0.22609495276937186
0.22551323067234152
0.22440739050253788
0.22400814873737596
0.22300993012532166
0.22300993012532166
0.22294568450003238
0.22277773268202727
0.21788023960052538
0.21787914245493045
0.21787697149770402
0.21480163263044372
0.21346577595591854
0.21346577595591854
0.2124498049026865
0.2124498049026865
0.2098567913568592
0.2098567913568592
0.20969349041040442
0.2096921701242117
0.208933530865
0.2067862616950703
0.20640134240491903
0.20459609426916026
0.20459609426916026
0.20459595715351675
0.2044074446312697
0.20379100848774723
0.200097427603095
0.20008706874882332
0.19608906832169626
0.19608906832169626
0.19608906832169626
0.19608906832169626
0.19595295335118446
0.19595295335118446
0.1956528810110849
0.1953093213960807
0.1952063451558591
0.19501122578664054
0.19413878112395822
0.19413878112395822
0.19408660759936136
0.1940013071251303
0.19326465305749296
0.19326465305749296
0.1928879499520717
0.19288449338749403
0.19237267058264373
0.19237267058264373
0.19236865397963065
0.19228037213584248
0.19206113603877217
0.19176150821307425
0.1907132601199767
0.1907132601199767
0.1907132601199767
0.189786202814485
0.189786202814485
0.18970574874444324
0.18970574874444324
0.18902324739004484
0.18902211353632026
0.18835085800734896
0.18835085800734896
0.1881937566224109
0.18774204527985094
0.18774204527985094
0.18710412950958677
0.1864564554139697
0.1864564554139697
0.1864564554139697
0.1864564554139697
0.1863166171103705
0.18630359179964684
0.1861534991279643
0.185527399489547
0.18495210102002513
0.18495210102002513
0.18495210102002513
0.18495210102002513
0.1844765538772447
0.18404212546592003
0.18404212546592003
0.18398279174164478
0.18398279174164478
0.18386442345549148
0.18386035550309232
0.1833029939846753
0.1833029939846753
0.1832319530341464
0.1828331670771478
0.1828331670771478
0.18179524467926378
0.18179524467926378
0.18179494184199374
0.18174001886407332
0.1813424244049694
0.1813424244049694
0.18114274025729082
0.18071154421570557
0.18065687763725746
0.18029185829210126
0.18014390783646628
0.17954956013692847
0.17954956013692847
0.17954956013692847
0.17952077303538405
0.17904603671342212
0.17774950712306714
0.17774950712306714
0.17752689375443098
0.17723677267452986
0.17604091498677543
0.17604091498677543
0.1745238083033368
0.17433446824432963
0.17433446824432963
0.17428631133444294
0.17308801024243847
0.17307666439413394
0.1707569628390484
0.17075553558427536
0.1701826815580202
0.16902293466686402
0.16902293466686402
0.16902293466686402
0.16898297541486929
0.16730334795195823
0.16712628099420046
0.16574215926590208
0.16574215926590208
0.16524289819348692
0.16447827302868534
0.16447827302868534
0.1644306269666178
0.16441120037686263
0.1615365439644353
0.16153557815997432
0.16021632400411812
0.15780997892230775
0.15730491312088624
0.15730491312088624
0.15730491312088624
0.15628384336735857
0.15474840301775927
0.15474840301775927
0.15441044536055037
0.15415880847808894
0.15387399524663936
0.15387399524663936
0.15333858542056467
0.15333858542056467
0.15333858542056467
0.15319316538182448
0.15185485547564004
0.15185485547564004
0.1504126930800327
0.15034081128834442
0.15034081128834442
0.14974488228102711
0.14974488228102711
0.14974488228102711
0.14941739880909932
0.14941739880909932
0.14941739880909932
0.1488087097163412
0.1488087097163412
0.1488087097163412
0.14877320524818183
0.1484074372157358
0.14836596577578853
0.14823509578347338
0.14813753000182783
0.14805865321224565
0.14804120068492743
0.14758572687139315
0.14758572687139315
0.14735744405698803
0.14735744405698803
0.14729178314617486
0.1468468098568173
0.1468468098568173
0.1467008077130577
0.1467008077130577
0.1467008077130577
0.146440801165462
0.146440801165462
0.146440801165462
0.146440801165462
0.14616780744064184
0.14616780744064184
0.1455488795490365
0.14009704481310759
0.13991076865763796
0.13991076865763796
0.13985192537152702
0.13911028551989724
0.13910986321127017
0.13910986321127017
0.13903864428581036
0.13902462452037867
0.13887523964391024
0.13859879901328065
0.13859879901328065
0.13823151339958006
0.13806234423618835
0.13805795043208657
0.13805795043208657
0.13803173344577924
0.1379673556979214
0.13783187332484548
0.13783187332484548
0.13779416767180974
0.13778661903904854
0.13778661903904854
0.13778661903904854
0.1376470817636387
0.1376470817636387
0.1374530570076815
0.1374530570076815
0.1374503773492496
0.13708860936660128
0.13708860936660128
0.1370450225723796
0.13704424022277217
0.13704424022277217
0.13698810054553312
0.1368588358557662
0.1368588358557662
0.13675220775087715
0.13675220775087715
0.1364901704273802
0.1363625535609404
0.1363625535609404
0.1363625535609404
0.1358630032895738
0.1358630032895738
0.1358596474212671
0.13580794585476297
0.13562146239485573
0.13550166405776143
0.13550166405776143
0.13550166405776143
0.13550166405776143
0.13548299962996213
0.13524512268500688
0.13521218912151778
0.13510030506454562
0.13502785348193136
0.13500111618291166
0.13497696151898464
0.13497696151898464
0.13491091517226017
0.13475224369966632
0.13475224369966632
0.13475055764813337
0.1347082376409855
0.1347082376409855
0.13470352575674738
0.134557025793536
0.13455258077693688
0.1344103278875688
0.1344103278875688
0.13441032319888357
0.32617763823496193
0.32617763823496193
0.32617763823496193
0.3261353808597942
0.3247962445173328
0.32470056365557665
0.32438830365492366
0.3223079361340563
0.3223079361340563
0.32168189369948474
0.3214445535950917
0.3212689423262167
0.32107043374819844
0.3198644955190202
0.31808040873866616
0.31789080897052235
0.31721810415188145
0.3154283284465935
0.3154283284465935
0.31398583606249586
0.31383598433697735
0.31337998720510074
0.31304912465148793
0.31274992812574787
0.31274992812574787
0.3115305460556388
0.3099398394196282
0.30972529985529174
0.30972529985529174
0.3096989498942345
0.3087581281539742
0.3076616060312042
0.30762197603496433
0.30701153309981655
0.30569080619914824
0.30569080619914824
0.30418712889083177
0.3039797937934666
0.30354523862078386
0.3034098796727607
0.30309025171666204
0.30309025171666204
0.3026696658062611
0.3022703464793617
0.2998911347070582
0.2998911347070582
0.2997370924082593
0.2994556038471078
0.29846104940276197
0.2981097011066407
0.2981097011066407
0.297652926419795
0.2973740180862925
0.29664266218565516
0.29664266218565516
0.2956345949627408
0.29365098608227513
0.2914659675451252
0.2909461655852893
0.2909461655852893
0.2909461655852893
0.29045419398503913
0.2903800312335535
0.2889324386492831
0.2889324386492831
0.2889324386492831
0.28874931356334654
0.28764352730708065
0.28727121552812007
0.28619061223812803
0.28617179876703625
0.2845170497820354
0.2840827415062068
0.2840827415062068
0.2784668668818112
0.2784668668818112
0.2766423549378043
0.2766423549378043
0.27559005592205665
0.27536810711600324
0.27527046919486264
0.27493571839625874
0.27493571839625874
0.2737789713754776
0.2723671069413144
0.2701360878542053
0.26919455979245976
0.26919455979245976
0.2680880164228914
0.2680880164228914
0.2678502219499007
0.266908850258057
0.26684159515448
0.2659545764079788
0.26412080525326076
0.26412080525326076
0.26412080525326076
0.2633183677350468
0.263238582277031
0.263238582277031
0.2627776058460266
0.2627776058460266
0.26269090825266517
0.26097264521730623
0.26097264521730623
0.26097264521730623
0.2607930643965043
0.2607930643965043
0.2593784770877212
0.2588407082463836
0.2585631920470608
0.2582808472828817
0.2574211535689618
0.2574211535689618
0.2574211535689618
0.2569305447970832
0.2565561206639776
0.2565561206639776
0.25623493387508134
0.25623493387508134
0.25589140746867245
0.25589140746867245
0.2548982891862378
0.2535445907108017
0.2529099815746094
0.25136545576006974
0.25017732658277336
0.25017732658277336
0.24803824809676267
0.24803824809676267
0.24755138598677306
0.2475499590930681
0.24689127649963716
0.24623650869676417
0.24623650869676417
0.2453685012561868
0.24479996047711983
0.24423889871361015
0.24303501508005387
0.24303501508005387
0.24303501508005387
0.23940614326066778
0.23940614326066778
0.2381293754907856
0.23563558551440578
0.235524579469496
0.235524579469496
0.23513008758422305
0.23479452604899387
0.23449133680180168
0.23369744899994271
0.23369744899994271
0.23367202274177445
0.2330964526433924
0.2323800967264521
0.2323800967264521
0.23221720571697735
0.23183205772769366
0.2306915463634548
0.23069060920067963
0.22783204380352673
0.22783204380352673
0.22675747035552096
0.2218842948976545
0.2218842948976545
0.22167774823066655
0.21963060605927098
0.2196282814123447
0.21908536431421166
0.21702522443630334
0.2160605865964046
0.21593182183685755
0.2154549797854406
0.2154549797854406
0.2107095462396874
0.2107095462396874
0.2105254252499037
0.2105254252499037
0.21005456991920157
0.20456081138247972
0.20456081138247972
0.20276266134917997
0.20276266134917997
0.20276266134917997
0.20216300940054988
0.2021544721314401
0.20134704204914944
0.20089100092397205
0.19975238300981024
0.19649561488875966
0.19649561488875966
0.19649561488875966
0.19649561488875966
0.19362671209756366
0.19350584542406213
0.1912703325953925
0.19098442643494384
0.19098442643494384
0.19012646239748088
0.1883452925560838
0.1883452925560838
0.18775869232517062
0.1865528179465784
0.1865528179465784
0.1865528179465784
0.1857585354443937
0.18544233292143408
0.18529796876054305
0.18320172932415235
0.1828319334150521
0.1828319334150521
0.1828319334150521
0.18243856407436043
0.1824341689718001
0.18191704329637504
0.18191704329637504
0.18191704329637504
0.1814587258031204
0.1814587258031204
0.1814587258031204
0.18089722957649268
0.17934309608089216
0.17875275405243185
0.17875275405243185
0.1785358718557435
0.17802752936463861
0.17730707728938488
0.17730707728938488
0.17674151186842946
0.17670424766308834
0.17670424766308834
0.17635792203161693
0.1762736343723369
0.17620179149200088
0.17457145171119515
0.17403709817104485
0.17403709817104485
0.1723050393629113
0.1723050393629113
0.17087223915688987
0.17060382043068756
0.16913497377777786
0.16901505426302788
0.16867166637727582
0.16867166637727582
0.16757856532142656
0.16748151555781632
0.16748151555781632
0.1673014662203932
0.1673014662203932
0.16710008521273312
0.16690450726058792
0.16677154066559352
0.16665896155047
0.16637035033948977
0.16634489669132368
0.16622307169997674
0.16533517529337816
0.16432511534556082
0.1642943028201439
0.1633206648585953
0.16328057433318433
0.16229127089258233
0.1621030763143202
0.1621030763143202
0.16155956228606472
0.16155956228606472
0.16155956228606472
0.16115766792408714
0.16043177293326538
0.16043177293326538
0.16043177293326538
0.1603731010413244
0.16018084144322808
0.15985045176206913
0.15985045176206913
0.15985045176206913
0.15980495138600737
0.15958010008108992
0.15914660364445066
0.15901264309730911
0.15652567590717714
0.15506399671853588
0.15506399671853588
0.15506399671853588
0.15181440064242524
0.1517215183648627
0.1488069400626677
0.1488069400626677
0.1488069400626677
0.14840107531793456
0.1479260180351234
0.14756402615117936
0.14755673395038416
0.14722197127147474
0.1470901814452492
0.14479317713730955
0.14479317713730955
0.14447477834008915
0.14422552087625706
0.14296151983096417
0.1428845683838822
0.1428845683838822
0.14251879919277277
0.14169240161205032
0.14166372106840452
0.14166372106840452
0.14148578256068844
0.14148578256068844
0.14131422974086671
0.14092928065318022
0.14092928065318022
0.14092928065318022
0.14091267462436896
0.14081938624955714
0.14028463083836606
0.1402845449980794
0.14014416811690777
0.1397732444972536
0.13955248073569992
0.13951532170627068
0.13827837938226517
0.13827788126905138
0.1376963184403538
0.1376963184403538
0.1376963184403538
0.1375983466078442
0.1375983466078442
0.1375983466078442
0.13716206737664038
0.13716206737664038
0.13716206737664038
0.13690430829589595
0.13690430829589595
0.13675853832099183
0.13652187594657061
0.13652187594657061
0.136304755189665
0.13630285476033388
0.1361854003334848
0.1361854003334848
0.1360881612965843
0.13590202441489685
0.13590202441489685
0.13571821360054592
0.13571821360054592
0.13548732322117585
0.13532407129016688
0.13532407129016688
0.13519442005131754
0.1350867151156927
0.13497556392961296
0.13484997636367047
0.13484997636367047
0.13463763663784045
0.13463763663784045
0.1343128616380368
0.1343128616380368
0.1341022148561486
0.13364736758555384
0.13364736758555384
0.13364736758555384
0.1336389178731946
0.13344312359720956
0.13344312359720956
0.13324966079518463
0.13324966079518463
0.13324966079518463
0.13271021123641868
0.13263942224362368
0.13011500940313359
0.13011500940313359
0.13011500940313359
0.12897754667204453
0.12897754667204453
0.12895836946011097
0.12840586723366965
0.12840586723366965
0.12840586723366965
0.12837586078027818
0.12837586078027818
0.12834051955045478
0.12792461027045487
0.12792461027045487
0.12792461027045487
0.12781917669725862
0.12781917669725862
0.12763078836740605
0.12763078836740605
0.12706162143217503
0.12688683014075586
0.12669975987753124
0.1263499122904974
0.12621535161603759
0.12610189053710763
0.12564599119787323
0.12564599119787323
0.12564599119787323
0.12562452846833916
0.12548942368448945
0.12492066122930146
0.12492066122930146
0.1247738149049491
0.1246449923492966
0.1246449923492966
0.12447026773684211
0.12439386158047872
0.12439386158047872
0.12396095281404018
0.12396095281404018
0.12396095281404018
0.12392239044633568
0.12392239044633568
0.12378006918536533
0.12377883725209993
0.12377883725209993
0.1234942411734723
0.12324715551215293
0.1231719244742181
0.12284002384116532
0.12204813133097392
0.12203282494089662
0.12174504670523179
0.12174504670523179
0.1217448841727573
0.12142456629377574
0.12142456629377574
0.12139521921668683
0.12134286048766119
0.12116168487293844
0.12116168487293844
0.12105603694715339
0.12048910910991129
0.12048910910991129
0.12048910910991129
0.12048168624853206
0.12048168624853206
0.12041141732442195
0.12031283321966513
0.12031283321966513
0.12019150278703072
0.1201431669116092
0.12012049879596531
0.12001223940758865
0.12001223940758865
0.11985807854045993
0.11985807854045993
0.11976688934763924
0.11947029264773035
0.11874044856729749
0.1187389105984683
0.1187389105984683
0.11872182173342172
0.11798469142570356
0.11798469142570356
0.11797975291203622
0.1174911971023247
0.1174911971023247
0.11746511827259953
0.11744151253730173
0.11742321448889015
0.11742318198670454
0.11729237085713162
0.11722923053663259
0.11720278105641135
0.11720278105641135
0.11720278105641135
0.11720278105641135
0.11701377157051318
0.11687688523577167
0.11676491550179025
0.1162365152563295
0.1162365152563295
0.1162365152563295
0.1162365152563295
0.11609592514480782
0.11601282554349823
0.11601282554349823
0.11598466728601253
0.11598466728601253
0.11595119741319593
0.11593115385795127
0.11574329413931461
0.11574329413931461
0.11573214760475692
0.11557160956070889
0.11557160956070889
0.11546453386039568
0.11546453386039568
0.11544704958818519
0.11537386161391738
0.11537386161391738
0.11536720662349276
0.1151971874116906
0.1151971874116906
0.11513057194059606
0.1149389838261865
0.1147570115556451
0.1147570115556451
0.1147570115556451
0.3292093576739029
0.3292093576739029
0.3291463810110139
0.32828028246313334
0.3275163589753217
0.32744114084687226
0.3270814004803667
0.32650828595611303
0.3249426756776821
0.3244591686996461
0.3240167656720525
0.3226927167070376
0.3218043060694328
0.3205727708940903
0.3203721057015826
0.31995933429066215
0.318766306508217
0.31744977719877143
0.31744977719877143
0.31695246324446424
0.3164630336631502
0.3157282094492504
0.3154092654572356
0.3148926499921151
0.3135978716050686
0.31322681674489217
0.3112790201639333
0.3112790201639333
0.31090003930122123
0.31090003930122123
0.3101641334546609
0.3101615358893861
0.3100522813141604
0.30809785219497277
0.3078411784053383
0.3077484802221072
0.30736605245805126
0.30686667938163203
0.30559719244215533
0.3048593117168207
0.3033162241349062
0.3031763203173392
0.2997611665261145
0.2997611665261145
0.29939441896057706
0.29875224887785456
0.29711878628840993
0.2929840725684568
0.2929840725684568
0.2929840725684568
0.2909205571956448
0.2906252241488798
0.28949114247959573
0.2894261490803798
0.2866172345326946
0.28590482904329606
0.2846747543730328
0.28398084205356644
0.2837544095182093
0.2829762136467655
0.28240274039438207
0.2813441421356999
0.27839155421045303
0.27839155421045303
0.27839155421045303
0.2779608774634873
0.27633986069461813
0.2761208603026125
0.2758468913624612
0.27566884025086524
0.27523212877153524
0.27429678745380326
0.27387649056598284
0.27097490135827307
0.27058513723762123
0.2702801993460219
0.269570192176397
0.26748113397986517
0.2673798700701544
0.266981312369877
0.26645500556169577
0.26448352924964247
0.264257188069577
0.26399736708498345
0.2637743169260416
0.26349855610041617
0.2627331970617973
0.2622184028049208
0.2622184028049208
0.260855883737779
0.260855883737779
0.2601901340058239
0.2584935901515072
0.2584840463494271
0.2584231456022006
0.2584231456022006
0.25775164167168374
0.2574718385106136
0.25744275107384085
0.2565946859926538
0.25651501576995184
0.25533333304542327
0.25448970300612317
0.2535846002882095
0.252962448661058
0.2528353540655285
0.2526999006409164
0.2509949361892926
0.2506445137879656
0.2489075920666649
0.24773392517634818
0.24683334743646645
0.24682116167299917
0.24625284003059156
0.24590478294065032
0.24564272519717134
0.24485630858427676
0.2440930804783954
0.2440930804783954
0.24331286230451998
0.24331286230451998
0.23996429496588123
0.23980385579068153
0.23980385579068153
0.23747504496425353
0.23747504496425353
0.23747504496425353
0.23503062082115067
0.234213275965937
0.23230051619150904
0.23116036932063344
0.23116036932063344
0.22820925817349413
0.22820925817349413
0.22820925817349413
0.2270826094607039
0.2270826094607039
0.2259999812374982
0.2256341664850281
0.2256341664850281
0.22506707199425224
0.22484386360379216
0.22421279111836678
0.22196445523715935
0.22189564866530032
0.2208166736650814
0.22036669061933156
0.2202302258269827
0.2202302258269827
0.21893224649127008
0.21893224649127008
0.21659002239718683
0.21643715115040607
0.21642618908709355
0.21324539835076295
0.21274124416707918
0.21274124416707918
0.21137217470042224
0.21137217470042224
0.21137217470042224
0.21137217470042224
0.21103522387217533
0.21013967928909416
0.21003444060768717
0.20926955636248423
0.20920519006465443
0.20501477994004058
0.20501477994004058
0.20312906708948553
0.20312906708948553
0.20228339975085907
0.20205429055194524
0.20205429055194524
0.20205429055194524
0.2020356999562517
0.20179756538060045
0.2017161258844229
0.20145798801544212
0.20144601969954212
0.20135738738105124
0.20112367123044383
0.2010821329386191
0.20083369696846887
0.1997856159826329
0.1997856159826329
0.19931012557442396
0.19877482369123778
0.19877482369123778
0.19802618938803918
0.19783298914361613
0.19783298914361613
0.19758977556452528
0.19638089978303652
0.19556080851314928
0.1950073781792543
0.1946553654953317
0.1946553654953317
0.19437575370647453
0.1894571863437695
0.18889296917561804
0.18888832647713205
0.1882346386152478
0.18787174330474377
0.1875968800286696
0.1875968800286696
0.18412075853291765
0.18293407839851428
0.18248258861646272
0.18200152197741715
0.1817471555055843
0.18166805152998589
0.18044235751266458
0.18044235751266458
0.18040440677470748
0.17885390975982396
0.17734013149681327
0.17651018087413017
0.1746237518628081
0.1746237518628081
0.1726053681048174
0.1726053681048174
0.1713480283371377
0.1713480283371377
0.17114595051278358
0.17114595051278358
0.17114595051278358
0.16999789440635837
0.16999789440635837
0.16974229079059588
0.16890028260887868
0.16869568784904976
0.16805555552256946
0.16805555552256946
0.16800375793930045
0.16800375793930045
0.167882879851738
0.16745213415732363
0.1672356903289245
0.16655730747314446
0.1663764343370313
0.16597049794108198
0.1659495401337827
0.1659495401337827
0.16556859995255735
0.16543761291540637
0.16543761291540637
0.16539928045727703
0.16513237274639458
0.16513237274639458
0.16506242890645617
0.1649065277148456
0.16438943971913178
0.16394316902212014
0.16394316902212014
0.16379108405948384
0.16342358410589342
0.1630815799440526
0.1630815799440526
0.16307974106587986
0.16073774782870087
0.16065269858689168
0.16065269858689168
0.1594900737987418
0.1594900737987418
0.1594900737987418
0.1594806695922677
0.15905312981064101
0.15836582231083973
0.15836582231083973
0.15836582231083973
0.15791145265928064
0.15791145265928064
0.1576830205938342
0.1576830205938342
0.15768236769843647
0.15744771539672453
0.1574129097029462
0.1570540898630629
0.1566762064788756
0.1566762064788756
0.1566109519446045
0.15631565097904276
0.15557329283485677
0.1548928318730065
0.1548928318730065
0.15260062243206485
0.1525055123230411
0.1525055123230411
0.1519473588356416
0.15193949454227418
0.1518944470957917
0.15103938005189865
0.15103938005189865
0.15090341349243963
0.1508637492949736
0.1500290929367567
0.14981720281911215
0.14981720281911215
0.14981720281911215
0.14981720281911215
0.14971577824474114
0.14971577824474114
0.1491873255339896
0.1491873255339896
0.1491873255339896
0.14885945335922524
0.14885945335922524
0.14830441521988313
0.14830441521988313
0.14830441521988313
0.1482840943916498
0.1482452316946794
0.1482452316946794
0.14817562475430524
0.14817562475430524
0.14807365396177563
0.1479368441195913
0.1460969120398089
0.14609607048469453
0.14608214123913255
0.14601249502624614
0.14597619355716063
0.14597619355716063
0.14589738065690105
0.1455369009099795
0.14552148484530958
0.14534906366048694
0.1449166806856097
0.1449166806856097
0.14488362110740305
0.14488362110740305
0.14484886613522197
0.14484886613522197
0.14484886613522197
0.14471726683545494
0.14462653665931624
0.1444711585515488
0.14412242306541112
0.14412242306541112
0.14412242306541112
0.14378010320171775
0.14378010320171775
0.1435574943482354
0.1435574943482354
0.1435574943482354
0.14336565756667685
0.14336565756667685
0.14333916017603787
0.14333916017603787
0.1433071385626461
0.14305540061907907
0.14305540061907907
0.1430455326537854
0.1430412521947213
0.14280498164077293
0.14280498164077293
0.142036586108501
0.142036586108501
0.14187595947730924
0.14187595947730924
0.14187595947730924
0.14187595947730924
0.14187595947730924
0.14184748142468917
0.1417639941079375
0.14147456322049012
0.14131615316219814
0.14110088534806153
0.14072423326979067
0.14072423326979067
0.1402829461709394
0.14025747423897628
0.14014954756114573
0.14014954756114573
0.13989557129522734
0.139722308104947
0.139722308104947
0.13939949778626337
0.13939949778626337
0.13939815341988182
0.1393899916069875
0.13931059791920375
0.13867551340047313
0.13867551340047313
0.13861236599636995
0.13860704889713815
0.13855228618996673
0.13854547039408227
0.1384617918540204
0.1384617918540204
0.13822613736538902
0.13822610555140302
0.13819534599119632
0.13819534599119632
0.13819534599119632
0.13788190987172522
0.13788190987172522
0.13702310818068164
0.13702310818068164
0.13699458653164387
0.13698119909222495
0.1368945264126894
0.1368945264126894
0.13678943445837644
0.13565885155129986
0.13565885155129986
0.13548373231313304
0.135454660936427
0.13532557934008071
0.13518759700758953
0.13368672345172772
0.13368672345172772
0.13368672345172772
0.13366929406353611
0.13344119761227813
0.13325716401429977
0.13325716401429977
0.13322327753465568
0.13312301693585948
0.1329262091055532
0.1329262091055532
0.13283695681995356
0.13282607796405665
0.13282078103258255
0.13276033645356222
0.13276033645356222
0.1327374722186272
0.132592002855213
0.132592002855213
0.132592002855213
0.132592002855213
0.132592002855213
0.132592002855213
0.13258694265133786
0.13242781811503324
0.13242781811503324
0.13242781811503324
0.13242285773982343
0.13221193090809813
0.13221193090809813
0.13221193090809813
0.13217024732572014
0.13216913638404404
0.13216913638404404
0.13160800515195703
0.13160800515195703
0.13160800515195703
0.1315041444234164
0.1312255147781325
0.13118098433775738
0.13118098433775738
0.13118098433775738
0.13118098433775738
0.13118098433775738
0.13106450846630746
0.13098800821148848
0.13098800821148848
0.13098799636418934
0.13093976721507705
0.13072152950100624
0.13072152950100624
0.13072152950100624
0.13072152950100624
0.13072152950100624
0.1306658671742641
0.13064089388435396
0.13044342199332892
0.13043354457367917
0.13043354457367917
0.13032623189114545
0.13026601421309747
0.13026601421309747
0.13026601421309747
0.13026601421309747
0.13026601421309747
0.1302497057651948
0.1301832282894816
0.1301832282894816
0.12982880391439156
0.12982880391439156
0.12982490567193194
0.12929707517792444
0.12929707517792444
0.12915979009420897
0.12915979009420897
0.12904098364189087
0.1285912813826271
0.12658707641459221
0.12658707641459221
0.12658409054931485
0.12609707655704716
0.12609707655704716
0.12609707655704716
0.12555887124304577
0.12555887124304577
0.12555887124304577
0.12525115761422245
0.12525115761422245
0.12484498135692301
0.12484498135692301
