0.33006428831085644
0.3270422097125093
0.3251590836029328
0.3220135058528587
0.31693612800193016
0.3147518057446109
0.3147381450529505
0.3141358676186684
0.31384025096597645
0.31271929481225624
0.31242429356583723
0.3118229161830536
0.3107426406195456
0.30953028461319554
0.30951310054462167
0.30935571109614535
0.3080497597048929
0.30731621263504605
0.3070591123381954
0.3066639799510197
0.30534434331335736
0.30534434331335736
0.3038117932925085
0.30202595948788047
0.30202595948788047
0.3006579728881633
0.3006579728881633
0.3006015159451507
0.2996275648903436
0.29921431717363245
0.29887701328457106
0.29887701328457106
0.29842200983330636
0.29798918567545596
0.29735918308073417
0.2969621867479575
0.29564086203819295
0.2953308495606961
0.2951887280792308
0.2951887280792308
0.29369301418580507
0.2926677936237343
0.29265647105667125
0.29228131893867526
0.2921323769051103
0.29158613567788894
0.2912069133559132
0.29111409781535413
0.29069700903420803
0.29069700903420803
0.2901452231755135
0.28842864769485976
0.28837534304854007
0.28711253609795184
0.28592295144520674
0.28592295144520674
0.28452279242954226
0.28452279242954226
0.28428642712224483
0.28209002947525963
0.28209002947525963
0.2817510215592294
0.2813530904442102
0.28097548685391216
0.2758992412177995
0.27550503836339457
0.274830221817405
0.27379450558786766
0.2729341330926841
0.27215061594660306
0.27215061594660306
0.2719690127320006
0.27123388623627365
0.2701694071431229
0.2690529010949666
0.26812023590030754
0.2656165308642513
0.2646408633146443
0.26396737349544974
0.26381273584746834
0.26369192867004954
0.26355556628750243
0.26311685471125523
0.26281431104094377
0.2618771085840279
0.2618771085840279
0.2615724644300955
0.2614608581904705
0.2611005439374312
0.26077970363015424
0.26077970363015424
0.26036168472322185
0.25986629040809484
0.25986629040809484
0.25980523323517857
0.2596754970216535
0.25781937901079854
0.25735024804124407
0.2566314352023352
0.2562263881111503
0.2559171734756268
0.2559163011282145
0.2556879676064332
0.25544690853269636
0.2544406230375519
0.2541421129409658
0.2540688640112292
0.25260579230998903
0.25260071618286983
0.25260071618286983
0.25260048442815
0.25238411576713105
0.251845496059829
0.24972615978520085
0.24972615978520085
0.24955543279805525
0.2484760126856338
0.2484760126856338
0.2484760126856338
0.2484760126856338
0.24792772487221582
0.24736588938969362
0.2466973172161384
0.24632223294370614
0.246235731200665
0.24623257387206943
0.2460892301523525
0.2460892301523525
0.24556489625413847
0.2353572813748782
0.2353572813748782
0.23511645664240233
0.23511645664240233
0.23457859005471515
0.23133663660479054
0.23133663660479054
0.23119229003101693
0.23119229003101693
0.2309855473651231
0.23098541818325058
0.2306859268811493
0.22900269126386796
0.22812281203655305
0.22771157204764714
0.22771157204764714
0.22771134164745233
0.2271597834510637
0.2271597834510637
0.22685386729084145
0.22631877946844825
0.22631877946844825
0.22631877946844825
0.2250540778031761
0.2250540778031761
0.22468430292958508
0.22463087318310937
0.22392458508019608
0.2203188730864023
0.2203179050416202
0.2203179050416202
0.2201719584831635
0.21949973271227907
0.21948708578764375
0.21947190710962905
0.21911762912910637
0.21866542335122952
0.2186110414196195
0.2173367222322491
0.2173367222322491
0.2173367222322491
0.21694037550995127
0.21694037550995127
0.2165975608921673
0.2163014471366167
0.21599786465505888
0.21599786465505888
0.21529492208443857
0.2152261460109014
0.21341612802293897
0.21287315677158436
0.21099598904445938
0.21018912647043486
0.206298725597149
0.206298725597149
0.205262996246528
0.205262996246528
0.205262996246528
0.2047675059961488
0.2047675059961488
0.20395308216029728
0.20395308216029728
0.20395308216029728
0.20395308216029728
0.2035391035442733
0.2033595953801579
0.20324873763273155
0.19521561974460844
0.19521561974460844
0.19480308506745414
0.19451025500100283
0.1940094850856312
0.19370159523354025
0.19370159523354025
0.19287309853764922
0.19287309853764922
0.19222556402642188
0.19220649875574047
0.18894158712959686
0.188649994982084
0.18819164991068182
0.18818750110479665
0.18817647123266712
0.18817647123266712
0.18677498468118103
0.1863623031705126
0.1863623031705126
0.185173046087718
0.18493501261733758
0.18486944743477152
0.182746556534913
0.182746556534913
0.182746556534913
0.18141291713974628
0.18141291713974628
0.18114057865574673
0.17956992215022827
0.17929758366622872
0.17926886028514333
0.17896748639094673
0.17683275140678378
0.17683275140678378
0.17683275140678378
0.17683275140678378
0.17667006873589397
0.17667006873589397
0.17556025009679177
0.17539246417389598
0.17520732925670113
0.17494253427084128
0.17480178054684747
0.1741358724896892
0.17383079366741672
0.1734336765494432
0.17236429321788227
0.17236429321788227
0.17216494019520379
0.1717920275691167
0.1717920275691167
0.1715624339988897
0.17154286028041776
0.17132122298468822
0.17132122298468822
0.17132122298468822
0.17122496447921443
0.170960848635058
0.1708023580838417
0.1705074317668015
0.16973329433190687
0.16973329433190687
0.1695165854790659
0.16939956472409257
0.1692930169391279
0.16929064569594798
0.16901949742768074
0.16783952774216127
0.16706630970015335
0.16602104981108634
0.1659099646440405
0.16478747939453198
0.16478747939453198
0.16478747939453198
0.16404729472838997
0.1637542047116628
0.16356956856103666
0.16249203468483742
0.16248703210347537
0.16248703210347537
0.1623125587019929
0.16181234022837854
0.16180587614878994
0.16148955372442997
0.16064086981486314
0.16064086981486314
0.16064085976122378
0.16032383474362166
0.16032383474362166
0.15991448645252526
0.1599143082854677
0.15917821827363254
0.15917821827363254
0.1583554047403043
0.1583554043943246
0.15806843510774893
0.15694396245609865
0.15690995850640432
0.15641078247157936
0.15527531032066866
0.15513421043250286
0.15429117031864548
0.1540587258566044
0.15402496623597717
0.15363936768928244
0.15363936768928244
0.1536327420939062
0.15358299930005115
0.15344162665885208
0.15302700712056283
0.14950303131880993
0.14903090759489213
0.14892199088719915
0.14892199088719915
0.14836589343700335
0.14809864205790335
0.14809864205790335
0.14787659284706167
0.14787659284706167
0.14766227482816718
0.14571694335440566
0.14518609969841967
0.14518609969841967
0.14518609969841967
0.14515183372906837
0.14487760733455046
0.14486457580075218
0.14234495225555022
0.14234495225555022
0.14202554649260657
0.14202554649260657
0.1409083114856532
0.1409083114856532
0.14088457249271158
0.14000721348943557
0.14000474737373492
0.1399832789414852
0.1399832789414852
0.1399832789414852
0.13908340131884944
0.13908340131884944
0.1390536497917384
0.1390536497917384
0.13812587490708583
0.13809425188193925
0.13757847524891853
0.13753821566975344
0.13659731982457934
0.13659731982457934
0.13604057393707447
0.13604057393707447
0.13604057393707447
0.13604057393707447
0.13575234454794272
0.13575234454794272
0.13500333777687457
0.13478827727287745
0.13434964505037816
0.13433009833042786
0.13432898366336088
0.1343229603025512
0.13375339818424503
0.13375339818424503
0.1337525475761865
0.1337339732684225
0.13356098554243212
0.1310977868896931
0.1310977868896931
0.13109769464828724
0.1300079584202658
0.1300079584202658
0.129984219550907
0.12984304445851336
0.1298197820862541
0.12965637375586836
0.12961343463675223
0.1292519512138669
0.12925006414230722
0.12925006414230722
0.12890597128948467
0.1286832976876906
0.1286832976876906
0.12833535413384067
0.12833535413384067
0.12820847804510715
0.1279310117432828
0.12767755593687402
0.12767596036991835
0.1274323274986956
0.1271981357320514
0.1271555791764578
0.1271555791764578
0.12691856900359988
0.12674591309263294
0.12650692021374943
0.12650692021374943
0.12627266414948624
0.12612021542381457
0.12612021542381457
0.12603315024787998
0.12598860549584456
0.12571172486916182
0.12571172486916182
0.12571172486916182
0.12571172486916182
0.12557904618331517
0.12544979345289986
0.12544905230812442
0.12544367736057327
0.1253813922451429
0.1252339645191457
0.1252326097007339
0.1252156887452116
0.12504333165580483
0.12504333165580483
0.12489508629012136
0.12478775800178454
0.12463986024057416
0.1245200247208692
0.12449376356889086
0.12449376356889086
0.12389517355316948
0.12377786511594191
0.12374692818748534
0.12358256387302147
0.12358256387302147
0.12358256387302147
0.12351713123911345
0.12350057626049804
0.12340085935567069
0.12318496966546977
0.12318496966546977
0.12318496966546977
0.1230664515912081
0.12285197693820549
0.12259180072024944
0.122473709366834
0.12246704109930573
0.12246507632069592
0.12246390283212305
0.12188625602831615
0.12180908280966818
0.12156507046074116
0.12121056659578511
0.12060318207823051
0.11960549411697396
0.11960549411697396
0.11958546472444409
0.11958131987790632
0.1193814834090885
0.1193814834090885
0.11936816777252435
0.11928762251807357
0.11928762251807357
0.11871533694514003
0.11871392681890469
0.11824988338490594
0.11818944826820255
0.11761032567035934
0.11733699195437697
0.11733699195437697
0.11733699195437697
0.11733581212250643
0.1173189172468404
0.11728935792853612
0.11728935792853612
0.11721406866460049
0.1171918199216826
0.11714796190384735
0.11697214564565173
0.11697214564565173
0.11696568746588143
0.11690055343371686
0.11690055343371686
0.11687918507216222
0.11675201940896018
0.11675201940896018
0.11672706264614863
0.11667086536954818
0.11626924087775425
0.11626924087775425
0.11615130953784425
0.11615130953784425
0.11615073695863509
0.11606639707076372
0.11603191940195556
0.11603191940195556
0.11603191940195556
0.11602996491273565
0.1159129375419371
0.11589615807084619
0.11496058812536092
0.11496058812536092
0.11496058812536092
0.11496058812536092
0.11475911509739067
0.11475911509739067
0.11463304273169095
0.11463304273169095
0.11463304273169095
0.11461644373030344
0.11461644373030344
0.11459412442642758
0.32835717822887955
0.32818414708815435
0.3248881389190159
0.32167166896595334
0.32154022216215083
0.3200284952167153
0.3188610381038478
0.3188610381038478
0.3183067569884235
0.31723054597613054
0.31686392602017077
0.3149930979400971
0.31458012220694187
0.31458012220694187
0.31142796461685984
0.31142796461685984
0.31103688779382566
0.31070150196066715
0.31034947740430374
0.31004523541183904
0.3095090964830898
0.30913773596584093
0.3078473650669018
0.307146143922297
0.3051464133571452
0.3051464133571452
0.30496948636759236
0.30377019430525676
0.30361245031805595
0.30331012481701747
0.303235501801593
0.3023006434018891
0.3023006434018891
0.30180747656481755
0.30163462029441235
0.3013837016289108
0.3012537276761127
0.3009234715756345
0.30051497789170034
0.2999556777846867
0.29957420742307106
0.29886567350660054
0.2986755052525393
0.2986755052525393
0.29781358268799174
0.2971776341474348
0.2970751909405135
0.29645244074640575
0.29645244074640575
0.2962854502179638
0.2948536425884424
0.2947017162975063
0.29466625249696365
0.2930482338568683
0.2930482338568683
0.29233993218309506
0.29150149421368976
0.29149352253308647
0.291449590977496
0.28979545951134134
0.28979545951134134
0.28963583460951237
0.28808932908221696
0.2878302038303824
0.2876505919334976
0.2869997348929011
0.2866521283343618
0.2864246361753675
0.28639674174665886
0.2860561956930071
0.28568560373379315
0.28568560373379315
0.2840699881911669
0.2827509919257434
0.2827509919257434
0.28246333505723187
0.28106478710904137
0.2763207921797515
0.2763207921797515
0.27623329273151775
0.2727247681087269
0.2727247681087269
0.2722702573270378
0.2722145551120153
0.2722145551120153
0.26957505490850797
0.26923530186716316
0.268159429637964
0.26721807823586274
0.2671329763876267
0.2670003987044067
0.2650162975617292
0.26501499594251987
0.2648314455632912
0.2644244134544951
0.26418441997517916
0.25993593170377594
0.2595971002404005
0.25878582437356
0.25878582437356
0.25870329949240534
0.25796405023560165
0.25796405023560165
0.2574650151226494
0.25717353463893877
0.25510581879065164
0.25460622410804346
0.25460622410804346
0.2539024140245958
0.25390235163085784
0.25144093876764817
0.25144093876764817
0.25133739305794833
0.25085037100660534
0.25036652448540864
0.25036652448540864
0.2497110083203815
0.24945994755143985
0.24900908953726453
0.24890773623070905
0.24830088214811463
0.24809940005380116
0.24481152937782935
0.24450598545698832
0.24422608424558223
0.24404756144019146
0.24323122692770915
0.24279462653994466
0.24209424549509095
0.2420405878924573
0.24139169152441398
0.24127944314601557
0.24122815723429747
0.24075161853494642
0.24075161853494642
0.23987806478355855
0.23987806478355855
0.23938338325457398
0.23909364003891753
0.2389256176633251
0.23872651792622912
0.23860859135492907
0.23759129495484743
0.2375910295267728
0.23757530420188955
0.23629978268153162
0.2321503381843607
0.23202124824867498
0.23093532151279705
0.23064417583956587
0.23064417583956587
0.2300054929629639
0.22978441448892084
0.2293346949492321
0.2293346949492321
0.2282302321902323
0.2282302321902323
0.22756820715293868
0.22756820715293868
0.22694361771000549
0.22639457986073952
0.22639457986073952
0.22483897865165203
0.2217262652775458
0.2196218384132118
0.21868304965336316
0.21868304965336316
0.21628894082539463
0.21477204814521478
0.21477204814521478
0.2118555891146996
0.21116989512710194
0.2110980482431679
0.21014698644438945
0.21014698644438945
0.20938888958442836
0.20938888958442836
0.20929229934997173
0.2092901086682185
0.2092620627712789
0.20878603542269003
0.20760597746542697
0.20755498762772762
0.2069911043234709
0.20696614660011747
0.20696614660011747
0.2069249880591545
0.20521061646591854
0.20503285348862288
0.20425773822132431
0.2033475667734208
0.2033475667734208
0.20310833997610933
0.20310833997610933
0.20273398618432326
0.20273398618432326
0.20261871645587515
0.20261871645587515
0.202407342272255
0.2021507262634975
0.2021507262634975
0.20136002169204348
0.19799638676965226
0.19693249899298926
0.19645696839483895
0.1938951692761185
0.1938951692761185
0.19386553830423636
0.19220994198859298
0.1920069103299361
0.19126541469469105
0.19097815292131803
0.19074563487584173
0.1901528202551772
0.18559222066759284
0.18413747031137873
0.18413747031137873
0.18380978571822348
0.18366110791322088
0.18336124506957974
0.18336124506957974
0.18336124506957974
0.18330902562615792
0.18255768443494202
0.18242454257183505
0.18226270909205644
0.18203844956339066
0.18194550166385026
0.18176030881593075
0.18175436128741107
0.1817439920462126
0.18132315572102242
0.18132315572102242
0.18086773173516923
0.18033199306204295
0.179811623609616
0.179811623609616
0.17896452276153518
0.17896374112089075
0.17896374112089075
0.1789549423436969
0.1782303296846076
0.17819659540895827
0.1773498977073832
0.1773498683129635
0.1773498645668049
0.17553120662488508
0.17510411937438042
0.17510411937438042
0.17336403894646446
0.16925756591287755
0.16925756591287755
0.16925539019403668
0.16871853184393204
0.16871849927936067
0.16827233926958718
0.16826854186958384
0.16825383825832874
0.16771433871591424
0.16729136544399248
0.16729136544399248
0.16387541050446608
0.16387541050446608
0.16387460226224815
0.16281228717516305
0.16192783218793394
0.16192783218793394
0.16188933391014348
0.16152084374367448
0.1609014281627309
0.1609014281627309
0.15979787052217598
0.15979787052217598
0.15877189005140757
0.15876516934854912
0.15844585027367608
0.15695757511197805
0.15694796979786985
0.15677502587819936
0.15676544102725698
0.15662882775944598
0.15662055617285808
0.15656087400043395
0.15611450801616145
0.155767334286379
0.15570702851140916
0.15525164453088047
0.15524270054100509
0.15511037879902723
0.15490351968296423
0.15376703403191083
0.15376703403191083
0.15361387311565156
0.15306183395893946
0.15305957133794357
0.15304266111385068
0.15304266111385068
0.15285218990485594
0.15278444411620817
0.1524358033615223
0.1524358033615223
0.15203184790258217
0.15189087708426785
0.15189063825345583
0.15135440158925917
0.15135440158925917
0.15022780384969636
0.14982291645136148
0.14958907562722057
0.14887358993621336
0.148447747546827
0.14842685738111205
0.1483135655760437
0.1483135655760437
0.14829464481910404
0.14797600027859759
0.14797600027859759
0.14797600027859759
0.14777377477684717
0.1476722420469634
0.1474862116178146
0.1474759143009844
0.1472866172245363
0.1472866172245363
0.14728371325623957
0.14722139764599262
0.14706682212617195
0.1446756433334463
0.1446756433334463
0.14460918586427984
0.1445536393674559
0.14433287618322832
0.14433287618322832
0.144172655576991
0.144172655576991
0.144172655576991
0.14411817399580074
0.14392420491356317
0.1439192952873274
0.14391892212438684
0.1430232832609969
0.1430232832609969
0.1430151914049822
0.1430151914049822
0.14298922213650167
0.14282171024365786
0.1421064686606126
0.14124463148078548
0.14124463148078548
0.14124463148078548
0.1412399739089063
0.14105845843420017
0.14105845843420017
0.13772342881941035
0.13772342881941035
0.13772342881941035
0.1376210514238987
0.13760725135315877
0.1375950339350276
0.13677928519029092
0.1367790634878342
0.13583164421090177
0.13583164421090177
0.13537289849073708
0.13516810277887326
0.13476373728945423
0.13425297442507977
0.13425297442507977
0.13425297442507977
0.1336779549608893
0.1336779549608893
0.1336779549608893
0.13365736946082907
0.13339339988050203
0.13339061093072746
0.13339061093072746
0.1333724106110198
0.13274960318600215
0.13274960318600215
0.13186782930207885
0.13186782930207885
0.13186782930207885
0.13113829081688422
0.1308345243664788
0.1308345243664788
0.13058805900096182
0.13058805900096182
0.13058805900096182
0.13028481586683116
0.13028306920064792
0.13028306920064792
0.13022040841500993
0.1292521182969224
0.1292521182969224
0.1285260683657128
0.12848851391715543
0.12845575431508338
0.12838441221917218
0.12831414547487363
0.12814475080856302
0.1277274703708341
0.1277274703708341
0.12758589226379846
0.12751272998463936
0.12751094999342039
0.12746919454326455
0.12739393449360026
0.12738880535881603
0.12738829707414834
0.12738829707414834
0.12731387773765057
0.12731387773765057
0.12725338956598153
0.1268099192121963
0.12678830775172223
0.12678830775172223
0.1266564875323285
0.12665523692196845
0.1265419311265893
0.12644146113623023
0.12644146113623023
0.12630759100294586
0.12599258350188125
0.12599258350188125
0.12594506989190712
0.12594506989190712
0.12578458011106164
0.12564854922537283
0.12556458195869236
0.12532383459992336
0.12532362284807486
0.12384427035332413
0.1238410358611084
0.12339658377678875
0.12336029493616874
0.12336029493616874
0.12312132651215091
0.12312132651215091
0.12312132651215091
0.12213361555101865
0.12196074204577712
0.12195672946844993
0.12195672946844993
0.12178703072057528
0.12161636236191586
0.12151313310347311
0.12151313310347311
0.12148855340649045
0.12138696721704612
0.12121916238355734
0.1210912710837988
0.1210912710837988
0.1210912710837988
0.12082275333394765
0.12068808211439719
0.12068732738607957
0.12068732738607957
0.12028263470942546
0.11972731482842536
0.11972731482842536
0.11972731482842536
0.11972731482842536
0.11972085617345529
0.11970127387555773
0.1196995169319508
0.11962725312687916
0.1195460237050775
0.11945551493444206
0.11945551493444206
0.11945551493444206
0.11945525407685242
0.1194292131239848
0.1194013393705331
0.11938929617236549
0.11936726396907582
0.11916161020536042
0.11912681843756068
0.11912681843756068
0.11911922796414787
0.11907892901080863
0.11677812764699447
0.11673023822024242
0.11673023822024242
0.11668474032238052
0.11665450185793236
0.11665450185793236
0.11659335630442202
0.11659335630442202
0.11659335630442202
0.11658194893228402
0.11633150126299141
0.11633150126299141
0.11633054062065895
0.11628328679684607
0.11627664540138949
0.1157463576348865
0.1157463576348865
0.1157463576348865
0.11568357004072427
0.11547587744919108
0.3300745488982767
0.32616931628996226
0.3208590385569622
0.3208590385569622
0.320068250303434
0.3156366360616719
0.31462627811518695
0.3135321301970554
0.3116106714553326
0.3104335064163021
0.3101627702448869
0.31006675027863007
0.31006675027863007
0.3096222027740594
0.30955258449608536
0.30889839785943096
0.3078956051801497
0.3072892090622743
0.30660953613606445
0.30610796334413437
0.3055537820351124
0.3055537820351124
0.30468269599879616
0.3037810401145238
0.30362457462991843
0.30329426379858226
0.3030265859793275
0.30179865260287375
0.30179865260287375
0.30075589660101765
0.30014369369742344
0.30014369369742344
0.29961842226270163
0.2994989065542325
0.2989282386837574
0.29853140880462015
0.2977741538976819
0.29716577622133666
0.2970571456909943
0.29658150701167485
0.29658150701167485
0.2957384455740717
0.2957384455740717
0.2952065396272453
0.2952065396272453
0.29493018493713175
0.29387452546860304
0.29374542603231346
0.29374131755452115
0.2934951352815739
0.2933493581674782
0.2933476983183252
0.29242635606797174
0.29242635606797174
0.29175021583818184
0.29078407190804456
0.2907774077734957
0.2906165502627077
0.28991980003330164
0.28991980003330164
0.2896681811536084
0.28907064238489366
0.2887999988752896
0.2881954998430437
0.2880596236104951
0.2870401814496567
0.2868321819635077
0.28515181891670993
0.28431931790276377
0.28301664167679474
0.28301664167679474
0.2818077559096811
0.2818077559096811
0.275786292300193
0.2752444436132452
0.2747084794777007
0.27437269677285225
0.27328703610366434
0.27328703610366434
0.27328703610366434
0.27328703610366434
0.2718590286348631
0.2717786506966081
0.2717786506966081
0.27121929738034034
0.26923977167476076
0.26923977167476076
0.26910320903568385
0.26863142780991034
0.26821770889201524
0.26821770889201524
0.26704575778285256
0.2670150779723134
0.2666926981533818
0.2666926981533818
0.26624084727021335
0.2658914507367559
0.26510582413658945
0.26494625120555426
0.26344686598792433
0.2630885983962602
0.2630885983962602
0.26285631678994736
0.26285631678994736
0.26285631678994736
0.2625344121529949
0.2622996931483714
0.2622189997467629
0.2617398600437747
0.2604072964339723
0.26038035953904015
0.25593743324440166
0.2559333237353433
0.2556681668305515
0.25566701952657656
0.25272743927347074
0.2526904416537995
0.2522891349726645
0.2522807515160458
0.2517602046481189
0.2507866674640554
0.2492453134790823
0.24924472309808687
0.2484853512711751
0.2484853512711751
0.24760129203826253
0.24760106342709542
0.2474213218425283
0.24703391437295574
0.246127585853959
0.24596165006255422
0.24491788381228252
0.2438962108889624
0.2438962108889624
0.2436132801214358
0.24224751704559488
0.24224508458911242
0.24173919403943478
0.24167067995260805
0.24167067995260805
0.24076190422609445
0.2403539323994638
0.2399054506725703
0.2393322342727323
0.23908786334664434
0.2384497407296723
0.2384497407296723
0.2384113498326046
0.2379630185908398
0.23777411207228705
0.23763461984375034
0.2371617837790102
0.236757808550508
0.23596388671732493
0.23229221715737014
0.23228250239496773
0.23213122365552352
0.23123679530737906
0.23110729393730067
0.2288182718798787
0.2288182718798787
0.22881817331438814
0.22867743101821447
0.22867743101821447
0.22789858633391724
0.22786043081571694
0.22663270917088807
0.22663270917088807
0.22663270917088807
0.22616859346573615
0.2259702954536439
0.22510069135351296
0.2248892609520916
0.2248471654526072
0.22433064576968464
0.22427018572657897
0.2242372993619306
0.2235525035779925
0.22325045912811625
0.22271032896911735
0.22221648091242674
0.2222164647436975
0.22202717385598314
0.22185520444133444
0.22136082561920312
0.2212969835511912
0.22109438141601412
0.2201027377328193
0.21978729008332476
0.21694128696052284
0.21694128696052284
0.21662696484490418
0.21642518603310434
0.2164067029935388
0.21629505951538364
0.21606867056073276
0.2160009297488248
0.21555208793770564
0.21501747998983733
0.2140018244660058
0.21346545972950692
0.2128579153447152
0.21261404729247713
0.2108192248590396
0.21080523684255104
0.20866433992915812
0.2082443238939543
0.20582009679853042
0.20576201210828138
0.20576201210828138
0.20223277967179332
0.20223277967179332
0.20199442692357017
0.20117402710369192
0.20085970498807348
0.20070218457165134
0.1999181730500108
0.1999181730500108
0.19972406980358892
0.1996049662068209
0.19944633051797012
0.19820559139437555
0.1967375291115332
0.1967375291115332
0.1967375291115332
0.1964829847975751
0.19628889566637797
0.19600039882235842
0.19600039882235842
0.19598689312490147
0.19441025136866996
0.19441013408119256
0.1944091611779052
0.19419276700929022
0.19412830371187617
0.19119222724614426
0.19108503454878856
0.19081753227325993
0.19081753227325993
0.1908173333959733
0.19071255374632812
0.1905145090570337
0.1899160651095929
0.1899084698426624
0.1897355978539893
0.18901441158771393
0.18901441158771393
0.18901397752875582
0.18900657763249162
0.18900440749279301
0.18548857771778116
0.18521185756707226
0.18521185756707226
0.18504844266165088
0.1850414360286865
0.18500723414837805
0.18476685390732983
0.18468103381871026
0.18451460213574067
0.18435034486593904
0.1841706482800589
0.1834137159912036
0.1831568513007854
0.18310251298611413
0.1828126927827639
0.18281170498519794
0.1823596336338651
0.18235801816700314
0.18235801816700314
0.1816963348046885
0.18169584638926173
0.18137651014759093
0.18137651014759093
0.18102773721108967
0.18102353438372676
0.18096724674077058
0.18096724674077058
0.18092666514226208
0.18081861033106728
0.18081861033106728
0.1808182464492447
0.18077424151515797
0.1807735948360386
0.1748010420329813
0.1748010420329813
0.17469025243699188
0.17469025243699188
0.1742572962297807
0.17132800417399963
0.17124917213467172
0.1709209799244441
0.170807248960667
0.16949391613276887
0.16949391613276887
0.16929570380963976
0.16929570380963976
0.1692168491740096
0.16921682508485214
0.16913053903832853
0.16913053903832853
0.16568644032418112
0.16564025182482234
0.16562298762343908
0.16527723124513893
0.16527723124513893
0.16429444822556127
0.16412864764498813
0.16401938521807669
0.16259733838224255
0.16259733838224255
0.16224768392988798
0.1605529996399686
0.1604672458566987
0.1604291642986686
0.1604291642986686
0.16038552038268528
0.16017519321114693
0.16017519321114693
0.16017519321114693
0.1600762899741679
0.1598836512589551
0.15985326004499734
0.1593142647836424
0.1588822199544001
0.15866586416224437
0.15864505555585806
0.15864505555585806
0.15690899522825286
0.15690899522825286
0.1568983755238299
0.15687869090652473
0.15574973000549241
0.15574872300085485
0.15566056036849862
0.15566056036849862
0.15419673703389836
0.15419673703389836
0.15359627013784283
0.15359627013784283
0.15355891509199637
0.15339202458656587
0.15339202458656587
0.15335081759541325
0.1531854683614704
0.15303977143959102
0.15235121322184564
0.15235121322184564
0.1518673861944495
0.15153660885725329
0.15153660885725329
0.15153620320141703
0.15152915316789173
0.15152837749488857
0.15152618226571646
0.15132519520169385
0.15108374462981256
0.14998728413829265
0.14998728413829265
0.14996226235230037
0.1495371605035023
0.14953642736062522
0.14946013651899748
0.14765135603154278
0.14765135603154278
0.14765135603154278
0.14758451503092962
0.14715766784208673
0.14714110403701253
0.14714110403701253
0.14668020517889757
0.14668020517889757
0.14632664875197088
0.14632664875197088
0.1459563750416284
0.14430629463186662
0.14430148247110863
0.14402627021072056
0.14393074175940712
0.14393074175940712
0.14390393919071875
0.14390393919071875
0.1438614212475321
0.14327097578195291
0.14326907923616328
0.1432338462809798
0.14323210505847006
0.1429488523020085
0.1428730203287899
0.1428730203287899
0.14269500053976591
0.14258010999080495
0.14254825739480104
0.142380977630421
0.142380977630421
0.142380977630421
0.14043064446001552
0.14043064446001552
0.13911790524290846
0.13870451554845398
0.13869554193089761
0.13869554193089761
0.1383684278472026
0.1383684278472026
0.13828650904604767
0.13828537468798352
0.13828301961280343
0.13827477728428417
0.1381920351161311
0.13819130847126115
0.13819130847126115
0.13812469293524932
0.13805049352529497
0.13805049352529497
0.13805049352529497
0.13797647651471245
0.1379006397224457
0.1377549610481842
0.13774990951919674
0.13774990951919674
0.13774990951919674
0.1375624735061054
0.1375624735061054
0.13752158291190786
0.13752158291190786
0.13743606714907697
0.13738758572856202
0.13738758572856202
0.13733801136240198
0.13733801136240198
0.13733739371460996
0.13709482940243756
0.13709482940243756
0.13707869650722782
0.13696382275521835
0.13686396361204878
0.13680938542292131
0.13648739168179325
0.1364400681323955
0.13643039430751425
0.13588387061036522
0.135881748094424
0.13587978399045608
0.1357876883130078
0.1356870034524601
0.1356870034524601
0.13567505744597397
0.13513115464186598
0.13512082852052698
0.13512082852052698
0.13512082852052698
0.1346867978044698
0.1346734085928053
0.1346734085928053
0.1346698515506839
0.13466852770111926
0.1346428679399203
0.13451007482919752
0.13451007482919752
0.1344646724144638
0.1344646724144638
0.1344202803288116
0.13442016014729286
0.13442016014729286
0.13441627736495787
0.13440679554878665
0.13412190051508532
0.13412029056914043
0.13412029056914043
0.1341183169696687
0.1334872984870159
0.1334872984870159
0.1334862592063384
0.1334862592063384
0.13339704982599332
0.13339652283591352
0.1333332870993531
0.13325712951975865
0.13302527551312793
0.13302527551312793
0.13302527551312793
0.13300957874903563
0.13230010137948112
0.13230010137948112
0.13229718498448306
0.13221066333859377
0.13220880313033068
0.13211644121152377
0.13202900276871965
0.13202900276871965
0.1320115750446036
0.1320115750446036
0.1320115750446036
0.13194036203296233
0.13153969735548054
0.13153969735548054
0.13153928252019786
0.1315347513141194
0.13147451785331543
0.1314743990102406
0.13109085767674045
0.32633387845538575
0.32456445982134263
0.32102563486543056
0.32102563486543056
0.31865729021270517
0.3182920813725876
0.3182920813725876
0.3150577286297829
0.3143724817349054
0.31401234480563345
0.3130204145297599
0.3114713883076514
0.3114713883076514
0.310961360279546
0.3100153421843935
0.3100153421843935
0.3082698210653977
0.3082698210653977
0.30815552764157306
0.3069868992779031
0.3065484135359853
0.30611348199844846
0.3055654232151883
0.3045168292168289
0.3045168292168289
0.3035011111656668
0.30303908154085246
0.30271996744922125
0.30271996744922125
0.3021563697663313
0.30079779452099575
0.3003207346572717
0.299019171537937
0.299019171537937
0.299019171537937
0.299019171537937
0.2978985688136966
0.2972711185776249
0.29714372524568056
0.29683622281899613
0.2967140557974959
0.29621658080721547
0.296074948928992
0.29518432836058306
0.29518432836058306
0.2948754471722901
0.29415329901220943
0.29372193059381957
0.2934118934193338
0.2927684804574011
0.29267564063144846
0.2917764515939122
0.2915654595390825
0.2910388119194357
0.2908326030638908
0.2903074239288075
0.28829109681427545
0.28829109681427545
0.28683534738609073
0.28683486831278215
0.28667212684482046
0.28563732418473997
0.28542849488204936
0.28542849488204936
0.2835427760001984
0.2835427760001984
0.2831680818462946
0.2815744237040748
0.2815744237040748
0.28142635617014233
0.28053196918177015
0.28011883226008194
0.27981466671974875
0.27916282454604713
0.27845603006910513
0.27845603006910513
0.2767164750822073
0.27433586689040035
0.27426693802036317
0.2731342293168152
0.27247996130285923
0.272096825465728
0.271470203723189
0.2711657244947203
0.27086254471197213
0.26936584808857733
0.2683484606164003
0.2683484606164003
0.2680502217843228
0.2674157163869615
0.2668622716755463
0.2667348596949275
0.2667348596949275
0.26648764169547834
0.264047231745114
0.264047231745114
0.2636853006141655
0.2636853006141655
0.26345844450429656
0.26345844450429656
0.2617999343821059
0.2617999343821059
0.2609666018597626
0.2607121145690101
0.2601292158838351
0.26011564017241895
0.25612124133457936
0.25612124133457936
0.253220208099066
0.25316369890451074
0.25306674700681786
0.25292179652388747
0.25290548676993607
0.25274149246631605
0.2524630706883274
0.25037511494749554
0.24997447580574728
0.24986246450761107
0.24969066500154036
0.24969066500154036
0.24939295835667463
0.24884316037490517
0.24850095605136469
0.24850095605136469
0.248410677554585
0.24733597847854127
0.24511761255322317
0.24247390111072997
0.24045652164154507
0.24045652164154507
0.24044360853486435
0.23975540653144678
0.2397027201161751
0.2396737448926326
0.2395397033476685
0.23910956446056042
0.23807756332085084
0.23787498055094092
0.2377266687273879
0.23709637983523202
0.23659298105866555
0.23625219617114168
0.2355040508100914
0.23513305388674688
0.23503122734516735
0.23473683150991942
0.23473683150991942
0.2338668756294512
0.2336830516815961
0.2336830516815961
0.2331893735873105
0.23213415872335175
0.23213415872335175
0.23183531732527063
0.23168347591052163
0.2301627670417551
0.2301521206624847
0.2293614803365348
0.22854909003983348
0.22839777257383365
0.22817988839186265
0.22817988839186265
0.22717159082129845
0.22717159082129845
0.22616704149054256
0.22616704149054256
0.22580368128118256
0.22501524531227823
0.2248678094777662
0.22389396371020742
0.22249051309264156
0.221681365634806
0.22097774143441418
0.2206325285073859
0.22016094894385907
0.22016079140378864
0.2198755261292511
0.21966461714559593
0.21927735819533978
0.2189187696865067
0.21887511489777356
0.21801475321151176
0.21755508139851487
0.21728421595974223
0.2163584088491045
0.2163584088491045
0.21618031010153582
0.2124647583264362
0.2124647583264362
0.21178022149635145
0.20896162655838135
0.2088639745635914
0.20876398001392737
0.20876398001392737
0.20728414811257956
0.20728414811257956
0.20610445590719195
0.2060847311874331
0.203781452979112
0.203781452979112
0.203781452979112
0.2029007035043756
0.20145399426703525
0.20145399426703525
0.20007414771484933
0.19991795734982798
0.19988992701417252
0.19906978336702608
0.19792116653583525
0.1971568386775937
0.19587066759812277
0.19570483203978883
0.19570483203978883
0.19521954139465747
0.19521954139465747
0.19490505701605065
0.19465799410842566
0.19432720949309112
0.19425608670280758
0.19371645249924085
0.19365956749044344
0.19290416917587216
0.19166838103250206
0.19166838103250206
0.19124717859090568
0.18852741365073244
0.18852741365073244
0.1881542711822468
0.18596900311162434
0.18596900311162434
0.18594356704767967
0.1854442213808999
0.18533445017420003
0.18439569032416636
0.18439569032416636
0.18439569032416636
0.18414187002975424
0.18349873194699318
0.18244047598768698
0.18241237768091234
0.17904800300714563
0.17904800300714563
0.1788723691611741
0.17825060153613748
0.17799000561733003
0.17759379771289252
0.17701815142667
0.17701815142667
0.17627109720875545
0.17627109720875545
0.17609555544280053
0.17543765752024576
0.17543765752024576
0.1750022944678693
0.17492513135924337
0.17492513135924337
0.1740792302960844
0.1734204726590578
0.17310537916497215
0.1728556119658794
0.17155812975785034
0.17155812975785034
0.17155812975785034
0.17145739310978148
0.17145739310978148
0.17145739310978148
0.17031598745309195
0.1698565626102989
0.16867043533662573
0.16863523706099948
0.16779182966418504
0.16773389217634183
0.1670971363351096
0.16663189626189112
0.16613299172438345
0.16570483284377724
0.1654978144549233
0.15997231839207937
0.1585504343150832
0.15806932272606145
0.15806932272606145
0.15800602374052752
0.15717966048622412
0.15717966048622412
0.15716058729429272
0.15710454142602315
0.1564256532795728
0.1559136578619913
0.15557851447825866
0.15143170676960582
0.15116237983678282
0.15055609138899828
0.1504364315810124
0.1504364315810124
0.14870472275992652
0.14870472275992652
0.14870462714913957
0.14820234843637614
0.14820234843637614
0.1476445601874422
0.1466210219659151
0.14606910545444463
0.14606910545444463
0.14594952649411663
0.1455707266313674
0.1453564520269114
0.14386244514388147
0.14385476909728157
0.14342489114546686
0.14220178703998088
0.14096242634278278
0.14084173364291186
0.14071310088372957
0.14071310088372957
0.14070659624667237
0.140000605337108
0.13946723554947482
0.1384185706678368
0.13833001277790913
0.13833001277790913
0.13833001277790913
0.13753315665228938
0.13753315665228938
0.13705682649201878
0.13705682649201878
0.13696658488481916
0.13691369781532292
0.13682843591651828
0.13649975118691293
0.1361919706672713
0.13607631385571395
0.13607631385571395
0.13531040495157542
0.13391582601291263
0.13389749458515332
0.13380467787726547
0.1336797912613582
0.1335455450701497
0.1335455450701497
0.13354273031528008
0.133535368048472
0.13291900791162792
0.13291900791162792
0.1326708082883249
0.1326708082883249
0.1326679184129208
0.13251240904303108
0.13234800169025196
0.13234800169025196
0.13228132696486838
0.13189062263675733
0.13189062263675733
0.13164059566816533
0.13144747781245603
0.13144747781245603
0.13053361503532512
0.13053361503532512
0.13050696752900326
0.12952398925030972
0.12952398925030972
0.12838036453025337
0.12838036453025337
0.12814647183570171
0.12746815891399066
0.12746777271780985
0.1274657619551396
0.12741301581244036
0.12701988183534785
0.12701988183534785
0.12701988183534785
0.12677633480645956
0.1266760657772822
0.12631745251525384
0.12631564390409178
0.12597607984475445
0.12567382170076635
0.12567382170076635
0.12533136430150793
0.12526549035288215
0.12507798642291934
0.12475809037406083
0.12475809037406083
0.1240351602486146
0.12298793324024226
0.1224861814976217
0.1224861814976217
0.12246898794064065
0.12246196470457993
0.12242137384992602
0.12242137384992602
0.12242137384992602
0.12219579403542513
0.12219533800379656
0.12217509300548424
0.12215746761678159
0.12206560069883177
0.12190041163778831
0.12190041163778831
0.1217333468284536
0.12170136885570826
0.12170136885570826
0.12136662123612729
0.12102090448198721
0.12102087441053433
0.12102087441053433
0.12073150330131377
0.12073127926006433
0.12071113623001017
0.12062215814233224
0.12058916160344768
0.12058916160344768
0.12007551334938915
0.12005036687964254
0.11990641047838035
0.1194129347058811
0.11939900442715312
0.11904599096463975
0.11817809937123935
0.11817809937123935
0.11817809937123935
0.1178691946018301
0.11777679061905322
0.11773986710283835
0.11753228568916274
0.11751892424931465
0.11750538156822032
0.11743281904109815
0.11743281904109815
0.11743281904109815
0.1174203773066338
0.1174203773066338
0.1173802846475216
0.11720936154387407
0.11713293726583818
0.11703611874617426
0.1169869634959515
0.1169869634959515
0.1169869634959515
0.11696999993433499
0.11696999993433499
0.11685249746985027
0.11656777564302179
0.11652158358231546
0.11652158358231546
0.11504011238550571
0.11504011238550571
0.11503930638289439
0.1149830930833875
0.11469326367488741
0.11461875528930254
0.11406369074591038
0.11406369074591038
0.11406369074591038
0.11406332253503038
0.11406332253503038
0.11406121096391564
0.11392281461760223
0.11392257576024545
0.11392257576024545
0.11392257576024545
0.11392257576024545
0.11392257576024545
0.1138831118619964
0.11386905002973946
0.11384129070863813
0.11371836967355609
0.11339508193440495
0.11289853752402512
0.1128520159266918
0.11281255155682846
0.11273335486638647
0.11273335486638647
0.11229902480784726
0.11229902480784726
0.11197864907028032
0.11182780230520506
0.11179609824364511
0.11179609824364511
0.1117764468225464
0.11142934089325784
0.11142934089325784
0.11140396442728917
0.11106622839568836
0.11106622839568836
0.1109365218500501
0.11092522828445073
0.11083228839310444
0.11080268894890455
0.11022823647347157
0.11022823647347157
0.1099268387721759
0.1099268387721759
0.10969219890810755
0.10964175462960946
0.10964175462960946
0.10964084342544833
0.10958618834219713
0.10958618834219713
0.10937797903241375
0.10917202169277707
0.32982949472616174
0.32493295430126556
0.3226432969520039
0.3206663166673107
0.32019736465052706
0.3196430509681274
0.3179985744443343
0.31741594506998316
0.3153328984269239
0.31527944103728767
0.31445756627673116
0.3132798226494714
0.31308616205296746
0.3123569493069981
0.31091108305830784
0.31091108305830784
0.3108215279092391
0.3097642696558748
0.3097138026073991
0.30779103356223103
0.30779103356223103
0.30686110800591615
0.3059006242218162
0.3058305088578298
0.3048976578482234
0.30422727545328443
0.30334725297847953
0.30334725297847953
0.3022301774740952
0.30211924803674084
0.3017311527900808
0.3014839035243516
0.3011867663625539
0.30084796797736235
0.2999778263342635
0.29971629269316336
0.29961408973424153
0.29897948309784594
0.2982099617982593
0.29801315329919387
0.29750133409411894
0.29649797414850276
0.29649797414850276
0.29649797414850276
0.29599939117687446
0.29577100553701097
0.2955745727779675
0.2939283902170924
0.2939280689825977
0.2934069532097814
0.2934069532097814
0.29236792405914547
0.29236792405914547
0.2913692977036958
0.29126949401637336
0.2912419237089421
0.2900356080950207
0.28940052390742477
0.28911891952011426
0.28686434511703196
0.2868397096011852
0.2862509556191021
0.2862509556191021
0.28433221277408227
0.2839605076048314
0.2833941604192244
0.2833941604192244
0.28315904882195275
0.2831542262347908
0.28307225891928456
0.28307225891928456
0.2825754292287157
0.2823034619329151
0.28230298820637933
0.2821365549822805
0.2821365549822805
0.28098770075759194
0.28098770075759194
0.2809761159643186
0.2800519795809028
0.2800519795809028
0.2792889666495275
0.2783934370318676
0.2776152117077808
0.2769547168906349
0.27665417537343584
0.2757870133131264
0.2757870133131264
0.2738166535003119
0.2733088743257326
0.2727240164501594
0.2727240164501594
0.272723704112644
0.27239352376406545
0.2723477911824589
0.27062122884722517
0.2705961014763818
0.2702377788672904
0.26940983471728197
0.26940983471728197
0.2692479006493115
0.2692046119096504
0.2689062530263966
0.2687434190999709
0.26798932579035784
0.26798932579035784
0.26760238375238676
0.26714194878272046
0.2669121544378479
0.26264842649384024
0.2626481381611572
0.2620455652696234
0.26173272748610354
0.2607808039863223
0.25936386534462963
0.2593321067704103
0.2583845074666842
0.25805673475847835
0.25734997435233875
0.25734967582566703
0.25624560954524966
0.255835060729094
0.255835060729094
0.2551256210454558
0.2551256210454558
0.2545502830239459
0.25413927476388865
0.25393816655277857
0.2531766680964589
0.25256450981018896
0.2523011770488416
0.2519684278774621
0.25196323380800256
0.2512758533962126
0.2500103745968628
0.2494778479715568
0.2494778479715568
0.24903841020389927
0.2487981814657323
0.2472105173679352
0.24714283722086383
0.24714283722086383
0.24705932141785614
0.24645604833590928
0.24644348958403084
0.2462962352958682
0.2462962352958682
0.24561176837733045
0.24551288071025323
0.2450932245537939
0.2449818867671627
0.24267181853433784
0.24267181853433784
0.24235751368138547
0.24235751368138547
0.24193558829882622
0.24193558829882622
0.24172211778138886
0.24172211778138886
0.24155649757567277
0.24155649757567277
0.24015249436079866
0.24015249436079866
0.24015249436079866
0.23980320199642502
0.23955057889622433
0.23888412085242183
0.2371291212871548
0.2369969925663462
0.23583462594689053
0.23583444859719738
0.23534143555568554
0.2353325064617704
0.23515274049036494
0.2346441350098598
0.23338075410251513
0.23338075410251513
0.23332080829599733
0.2329605111921288
0.2327890214787156
0.23059595810757416
0.23044738106441842
0.22906112707156068
0.22837639361408646
0.22837639361408646
0.2278387035280437
0.2277849449972218
0.22763420979586435
0.22763420979586435
0.22606641166116703
0.2256170278421996
0.2230669584818037
0.22306634808430603
0.22090731117453688
0.22085292094090492
0.22082658727445403
0.21873402493530736
0.21873402493530736
0.21873402493530736
0.21684107389711071
0.21684107389711071
0.21621915616649
0.21489057161417136
0.21489057161417136
0.213891426417119
0.21370331304251655
0.2127733535001457
0.20852663171543095
0.2020465135068329
0.20204647726262537
0.20059488710119544
0.20043073620874863
0.20042860754246805
0.19913362948009616
0.19913362948009616
0.1990369149970983
0.19735464704754757
0.19732850001501434
0.19732810826925062
0.19569436969588883
0.19569305037132434
0.19036265955009157
0.19036265955009157
0.19036265955009157
0.1883998597890889
0.1883998597890889
0.1883998597890889
0.1869606492134338
0.18486321999390576
0.18485875873079216
0.1844629757160322
0.1830931141101474
0.18306067655268876
0.18038058884805952
0.1802502906302481
0.1802502906302481
0.1799532335652908
0.17957367615261532
0.17949649876809048
0.1788338432374782
0.17859978115345132
0.17814011927343998
0.17780866579941135
0.17780811376886974
0.17590068299735784
0.17590068299735784
0.17590068299735784
0.17428900499802813
0.17422569583200875
0.17396303948087255
0.17396303948087255
0.17332781278050857
0.17280430385093504
0.17280430385093504
0.1727853240234387
0.17252173043920438
0.1714503554422493
0.1714503554422493
0.1714503554422493
0.1705443602256138
0.1705443602256138
0.17022469079616864
0.16956019292163582
0.1693902632658233
0.16822286044075963
0.16822286044075963
0.1670673938723154
0.16695298411684756
0.16620303287593308
0.16620303287593308
0.1627732775480657
0.1627732775480657
0.16214148414366847
0.16160804869724255
0.16014922227597506
0.16014333419112126
0.15826975728747295
0.15826975728747295
0.15826975728747295
0.15771870996278525
0.15771870996278525
0.15711477390328243
0.15711477390328243
0.15653463386003985
0.15653463386003985
0.1561878875336955
0.15597371848023112
0.15572398845319024
0.1548183067797203
0.1548163523579572
0.1548163523579572
0.15428408981225905
0.15428408981225905
0.15365600566343196
0.14816361893887475
0.14659618096199223
0.1465959352132118
0.1465959352132118
0.1462269507749714
0.14349972737283523
0.1433886945972973
0.14321232680364215
0.14321232680364215
0.14320528735569926
0.14312152235594788
0.14281732705420314
0.14281392905382617
0.14253012318817926
0.14253012318817926
0.1424043541786818
0.14204339070906902
0.14204339070906902
0.14204339070906902
0.14180250116610138
0.14180250116610138
0.14163825427246357
0.14163825427246357
0.1412916564506982
0.14115155546217317
0.14115155546217317
0.1409166666797499
0.14078205472715732
0.14059138453625963
0.1405298434104233
0.14016209900903198
0.14007310035216336
0.13993836008949045
0.1398953309581702
0.13957610183328972
0.13944544314764562
0.1392458348170993
0.13898058018304926
0.13888715406715757
0.13878336762499988
0.13863987546629875
0.13792675690214762
0.137595018297061
0.137595018297061
0.1375672998200228
0.1374657642866548
0.13675596806124235
0.13675596806124235
0.13649187523462591
0.13558004448140937
0.13558004448140937
0.13519917222335343
0.13519917222335343
0.1351215728941847
0.13469440042269765
0.13429406126171983
0.13325167549663375
0.13325167549663375
0.13198984505912936
0.13198984505912936
0.13174942464785067
0.13174942464785067
0.13174863242291368
0.13174863242291368
0.13173383211735268
0.13091099892080515
0.13089567064131435
0.13089567064131435
0.13089567064131435
0.1303811025451036
0.1303811025451036
0.1303810674790945
0.12977959692747532
0.12977959692747532
0.12977959692747532
0.1297670033406434
0.12946695212885995
0.12932593522822788
0.12870060489247537
0.12870060489247537
0.12840431884068948
0.12731679043929178
0.12731679043929178
0.12686272347350325
0.12686272347350325
0.12649199979117387
0.12628555262509622
0.12618166605620584
0.12584865127311318
0.12584865127311318
0.12584865127311318
0.1250008961079867
0.1250008961079867
0.12490985850633096
0.1224539616795951
0.1224539616795951
0.12227662292091557
0.12173910070697325
0.12146361009156159
0.1214634295782051
0.1214634295782051
0.12072194632908273
0.12072194632908273
0.12072176581572625
0.12061404672827147
0.12038768863359828
0.12032105849250618
0.1199328109616078
0.11993240949722439
0.11967987087938792
0.11870403009443209
0.11870403009443209
0.11858394736861377
0.11769121805766425
0.1176017927382329
0.11738049155250285
0.11738049155250285
0.11713381381168175
0.11713381381168175
0.11687529878902325
0.11687529878902325
0.11687354636526504
0.11686241008423237
0.11678079893618676
0.11671769644600849
0.11662659868394454
0.1166226362678866
0.11653271310715696
0.11606990570499143
0.11606990570499143
0.1158233769640471
0.1158233769640471
0.1152660122544451
0.1152660122544451
0.11526574863999117
0.11463412454120725
0.11370855457112894
0.11367165200404272
0.11320086791104222
0.11311219476514756
0.11311093046314202
0.11301517930807647
0.11301426434753037
0.11298002303874222
0.11292588697359152
0.11292588697359152
0.11286058196333593
0.11286058196333593
0.11285898306104025
0.11277739818391164
0.11277739818391164
0.11273510616451743
0.1123448628581647
0.11219697434258036
0.11219465322180122
0.11183719897776978
0.11183719897776978
0.11183719897776978
0.11176118595820761
0.11176118595820761
0.11095197237306953
0.11095197237306953
0.11093588480643823
0.11042632125365592
0.1099266377885676
0.1099266377885676
0.10992525517054819
0.10990320270528608
0.10984943052820029
0.10897543043614732
0.10891882748306236
0.1089188100098617
0.10891394832120793
0.10863299323805742
0.10863299323805742
0.10863236468450932
0.10844552674510466
0.1079505901719825
0.1079467243356328
0.1078443012515895
0.10697941950830725
0.10665168911534895
0.10636802281731816
0.10636537361307119
0.10539875926162512
0.10539737640902813
0.10518837249878654
0.10509008214115534
0.10505166354599871
0.10485042778118758
0.10463942182459085
0.10463942182459085
0.10442873868495484
0.10442873868495484
0.10403680565384466
0.10387393474883155
0.10348815241635956
0.10348815241635956
0.10347508869806699
0.10327821215134358
0.10323277526642294
0.10302289717655877
0.10302289717655877
0.10301969237906872
0.10295245252764007
0.10199906898842859
