4909.318690001699
4860.6839024976725
4819.390832875043
4662.587479072108
4528.474688015823
4457.217854222519
4370.317951819981
4338.41238242747
4270.797115293584
4172.272282581759
4172.272282581759
4137.96483793664
4060.7586729575546
4001.3481478121844
3973.6373765103426
3954.3259855505084
3803.419645529533
3803.419645529533
3796.287133502944
3772.095041220462
3743.3696050483713
3731.4887109570627
3731.025328244235
3693.7692131480007
3664.866163995624
3636.7187133458647
3636.671005191424
3623.6561647043723
3600.071249294936
3582.454745003766
3581.159030258221
3547.491226204795
3542.0069169892936
3525.049503198501
3512.851548243962
3512.851548243962
3504.114296081108
3480.8631113561473
3480.8631113561473
3472.300390231237
3453.0236025836834
3451.8586297819324
3433.8983677447413
3420.4936778190367
3371.7517702227133
3371.7517702227133
3353.1884826236655
3339.804335586143
3317.145308846147
3314.2637191388376
3307.5008692364695
3296.3158222476195
3264.554487215675
3242.7104403569556
3238.377217064127
3213.2016743428976
3193.1979268438718
3178.056953548819
3176.436997643744
3168.1961744816244
3166.869274220204
3158.3513104149765
3150.0242856206683
3144.3406304025016
3139.118506842327
3136.7145231914237
3117.3491944278558
3111.716568069785
3104.220191932267
3097.4118227965746
3096.6247754611795
3083.219096982892
3067.9258465614844
3024.7280869526107
2998.3300352029296
2952.547374725764
2952.547374725764
2951.840781614076
2903.3630499818655
2887.7976037111744
2885.184049588518
2885.184049588518
2883.2134849851127
2872.8137774662664
2848.0110603717817
2848.0110603717817
2844.102318834539
2842.1206870926503
2833.6779986441647
2827.285800905172
2801.569917028665
2772.919941145074
2772.919941145074
2768.6305278964182
2768.2597421484857
2753.9593315806246
2716.6783026335675
2716.6783026335675
2690.405917329205
2690.405917329205
2690.38361576932
2684.789377213788
2679.3767932114365
2667.314379671058
2651.0435681067183
2648.3930977103832
2635.4885695066105
2632.5791536058323
2532.3909650762853
2532.3909650762853
2520.435478245773
2520.435478245773
2494.229941284484
2489.9028093481884
2489.9028093481884
2442.8657351561505
2442.8657351561505
2435.2073833659424
2384.4678651640497
2384.4678651640497
2362.8980088019034
2357.81402998625
2346.7573372634847
2339.006626754187
2331.8758543284416
2318.055219359539
2305.422087167554
2302.5503251829264
2289.8063236876606
2289.8063236876606
2281.579058459294
2281.579058459294
2275.942442154458
2271.2690285388917
2243.7232449658313
2243.7232449658313
2234.3963390589415
2231.457819453462
2222.751448093106
2219.504449195811
2203.4078151808394
2180.001605503996
2177.927914325908
2177.927914325908
2177.927914325908
2169.9391696543016
2168.08256300354
2160.0923591365254
2152.5134145923457
2140.14368676498
2130.393156203803
2111.021790508094
2111.021790508094
2104.92066358806
2104.92066358806
2091.010760374035
2080.15696523123
2080.15696523123
2076.791997288125
2074.4912629365303
2068.2127550133714
2062.9767327820255
2060.1033954634413
2047.9794920848205
2043.2527988479546
2043.162010218475
2035.1565050383717
2030.8828129658293
2027.2229773757006
2023.4458233419546
2020.2442921587478
2017.5869250171106
2012.3379437857848
2008.3473305183045
2006.8435414849857
2004.1082805078172
1998.129625424737
1997.2944199591607
1995.9744487342516
1992.9074238408566
1988.2426914237608
1985.968025925896
1983.6055555477758
1982.5493688682761
1978.979282357448
1974.9681010082163
1973.522992012001
1969.8324801870842
1969.8324801870842
1968.0663098584864
1963.1780357369528
1963.1780357369528
1960.2221812845603
1958.1907465821607
1955.5970955183996
1953.0204812034103
1951.220643597233
1930.4504655649675
1926.4809887460608
1925.6380760672553
1923.4032338539935
1921.3516075929465
1918.4462463149703
1916.7096806767581
1915.8841301080815
1909.0460968766574
1909.0460968766574
1905.4784176159014
1905.4784176159014
1904.0829813850025
1904.0829813850025
1903.150808527795
1901.9416394831887
1898.2476129314637
1897.0585125398743
1890.8030040170763
1890.8030040170763
1889.729874876301
1885.2087417577927
1884.560160886354
1883.9782376662422
1882.1293791873077
1879.8901563655256
1876.1862913900634
1873.328855273414
1869.726717999184
1869.235672674797
1866.6917260222697
1861.828939510824
1859.6870704502949
1858.817634949701
1858.817634949701
1858.2569789994063
1852.5226044504827
1843.1844725908472
1842.6098339040743
1833.0703750811097
1833.0703750811097
1832.3411254458051
1831.2798803022984
1830.1275911804619
1829.2293459268578
1826.8393470691394
1826.8393470691394
1825.265460145455
1824.1787193145303
1823.1242415150975
1822.2395561506175
1822.2395561506175
1819.5752251555855
1819.5752251555855
1817.9793728202749
1817.298544543521
1814.5101267284235
1811.5333284265018
1810.772210964151
1808.368878298894
1808.368878298894
1808.1548606244987
1807.4094721451472
1805.2357186805273
1804.5450950308777
1798.2969721378058
1798.2969721378058
1798.2969721378058
1795.7761553155783
1795.7761553155783
1792.1319705869878
1792.1319705869878
1792.1319705869878
1789.9276521692154
1789.9276521692154
1788.05341083537
1788.05341083537
1784.1855284695032
1784.1855284695032
1783.2139523904584
1776.1112014736013
1773.8796464247512
1773.2402544494641
1771.74603146162
1771.302628011374
1767.4939886743605
1763.840412282245
1762.5104255010806
1758.7464285678025
1758.7464285678025
1755.5845180452009
1754.755823469465
1753.2800688994328
1753.2800688994328
1753.2800688994328
1750.6261736875751
1750.6261736875751
1749.7528396890802
1746.7607162974555
1746.7607162974555
1746.474448710888
1746.1884205319882
1745.0739239356021
1741.171157583309
1741.171157583309
1739.023576608437
1737.444675378183
1732.0381058163819
1732.0381058163819
1732.0381058163819
1732.0381058163819
1730.435205374648
1728.4889354577888
1728.4889354577888
1728.4889354577888
1726.195527743019
1721.6126161247773
1721.6126161247773
1721.4209247014514
1718.0890547349402
1716.8593419380634
1716.8593419380634
1716.5960503275078
1715.3279569808217
1714.8705490502775
1714.8705490502775
1713.49088121297
1713.4882549933045
1709.7684053695693
1709.7684053695693
1708.8525389863223
1708.8329350758663
1707.2662358284956
1706.4126112989202
1706.4126112989202
1706.4126112989202
1703.3971938452876
1701.4100034970995
1700.8809482147774
1700.4952219868187
1699.7652779133948
1698.3665682060514
1694.0451587841453
1690.4718276268316
1690.4718276268316
1690.4718276268316
1690.4718276268316
1684.2971828035575
1684.1956537172277
1684.1956537172277
1683.6579225008861
1683.6579225008861
1683.6579225008861
1681.6277828342395
1678.0500588480666
1678.0500588480666
1677.0870579668785
1674.454538051123
1674.454538051123
1669.8913138285377
1668.4175136937397
1665.5155358026534
1665.5155358026534
1664.1298026295906
1663.216462159992
1663.1560359749774
1661.0328112352265
1659.746366165626
1659.3670480035453
1659.3670480035453
1657.1095316846138
1657.053408915959
1657.053408915959
1654.8984863126802
1652.8620632103575
1651.3403646734976
1651.3403646734976
1650.7280212076125
1649.7384641209042
1649.6575402185751
1648.467773418698
1645.856312075875
1643.5616812276928
1641.9640678163453
1630.612154989653
1630.0343554661663
1627.6086753270886
1627.2406091294552
1624.7098202448337
1624.1219166060164
1622.4546218615792
1622.4546218615792
1620.5832283471282
1620.5832283471282
1620.5832283471282
1619.132483770244
1619.132483770244
1617.758016515449
1614.7479679504168
1612.2785119203195
1609.3871504395702
1605.82003973048
1605.2099551149065
1605.2099551149065
1602.9104778495896
1601.1324117636243
1601.1324117636243
1601.1324117636243
1601.1324117636243
1598.68414641542
1598.55747472526
1598.55747472526
1595.2122115881637
1595.2122115881637
1594.7419854007733
1592.3460679136303
1591.7402426275464
1590.4543376029378
1590.4543376029378
1589.914777590296
1589.3341373040473
1588.3000346282186
1586.6256647363298
1584.4513245915762
1581.7009831191228
1580.2139095704733
1580.2139095704733
1574.6704417115347
1574.6704417115347
1574.6704417115347
1573.1535207982722
1573.1535207982722
1570.7736947122587
1570.2044452873008
1569.811135136963
1568.7020112181917
1567.3445696463812
1567.29001783333
1566.7319489944666
1564.7686729993031
1563.5910590688347
1562.1629236414492
1562.1629236414492
1562.1097912758885
1560.9196007482255
1560.168260156577
1560.0689087344829
1558.819104322243
1557.8520468902045
1554.910286801139
1554.910286801139
1554.910286801139
1553.3087265576023
1551.9146239403765
1545.9695986661575
1543.6327283392252
1543.2222782217732
1542.5310369648969
1542.0836553183487
1540.4535046537433
1540.257770634513
1536.924851773827
1535.3846423616462
1534.6856355618893
1534.532176267412
1532.9755379652997
1530.59269565747
1530.59269565747
1529.1455130235317
1528.6791684326702
1527.6481924841203
1527.6468832816045
1527.069088155477
1524.3943059458074
1520.9687702250826
1520.9263624515158
1520.9263624515158
1516.8516736978602
1515.5098152107098
1515.5098152107098
1512.6281763870459
1512.6281763870459
1512.6281763870459
1511.3407954528323
1507.8643838223647
1507.8643838223647
1506.6588864105902
1506.6588864105902
1505.7735553528626
1504.3596644419845
1503.3502585891285
1503.3502585891285
1502.3398417135852
1502.3398417135852
1499.1367516007338
1499.1367516007338
1499.0930591527665
1497.1446155932967
1497.1446155932967
1497.1446155932967
1496.6064947072762
1496.3839747872203
1496.0270719475634
5681.5738136541
5493.430440080224
5285.570924696783
5265.714386481667
5265.714386481667
5228.879803552573
5080.9899625958715
4927.194029059542
4819.329621430765
4818.428374480625
4794.745561549643
4671.627660676737
4607.814991945748
4607.525149144603
4533.629340826177
4533.5076927253585
4335.561785974223
4335.561785974223
4335.561785974223
4316.365253312097
4267.8323537833585
4238.759016504713
4223.644161148049
4166.955243340154
4152.808808505395
4112.890467785399
4064.7229917916916
4061.2731993797215
4018.593783900035
3975.0223898740496
3974.4687695338607
3953.6392096396453
3928.280030751372
3901.042681130264
3901.042681130264
3898.8450854067028
3852.30359655103
3805.8662614442983
3798.421514260891
3792.983126775019
3787.3301942133326
3770.7698153029705
3754.8512620342235
3724.399548920604
3719.291195913544
3693.0226102746783
3693.0226102746783
3667.897763024482
3667.6185734070004
3653.9044869837526
3648.6714020311556
3615.3035833799627
3611.832222016964
3574.0977882537013
3559.550533424129
3552.960174277218
3538.4811713502163
3538.4811713502163
3533.477465613726
3525.9103788950733
3517.941443514943
3509.8501392509625
3502.088805270363
3485.860869283225
3478.009344438281
3475.5895902709804
3413.072076590238
3413.072076590238
3412.685306324039
3356.00953514736
3327.7552494136344
3325.963920429685
3312.4527166436656
3305.851932558384
3300.9298689914635
3298.646389051121
3297.3744100420263
3286.5346491403375
3269.3874043924498
3249.3674769099293
3239.677144408066
3219.4912641596034
3216.2558977792796
3214.7454020497485
3209.809184359718
3188.938381342606
3188.938381342606
3154.828679976141
3154.828679976141
3134.327998152076
3134.1295442275514
3125.882915273699
3111.4814799384553
3111.4814799384553
3108.4948126062554
3104.0934264290436
3102.4479044780105
3086.3518917971746
3079.0954840667087
3079.0954840667087
3075.254623604361
3069.2331289753797
3064.814023721505
3059.6960633370104
3054.751217366154
3048.8637227662375
3014.538273102533
3014.538273102533
3014.538273102533
3002.25115538324
2996.548180824063
2976.7151358502547
2963.956646106687
2958.371173466913
2947.4399060879937
2918.0058259023403
2907.415175030907
2887.7292116817325
2870.965865349151
2870.129091173427
2867.53151682767
2839.0123282578397
2838.956850675966
2831.3639822530768
2823.783454870433
2823.783454870433
2820.5620007367324
2818.680897157392
2818.3383402281565
2817.9875798164903
2812.6220862391024
2812.6220862391024
2779.501933800371
2779.501933800371
2776.6510403721963
2767.6918181040314
2726.8133416132464
2722.571027539961
2705.5328495510826
2700.3333127597416
2700.3333127597416
2700.3333127597416
2697.714958997707
2679.8259271825846
2668.8430077469898
2658.836211578291
2654.870994982619
2654.7082702248094
2648.2794414487307
2648.2794414487307
2647.437062519145
2645.4379599605054
2639.034671996562
2639.034671996562
2639.034671996562
2636.295696616751
2631.918311802249
2603.8066364459555
2602.970418579512
2596.2062706957627
2593.8575519870014
2592.5138379572827
2592.5005303760304
2589.204897260933
2587.649319363039
2582.2852282426124
2582.2852282426124
2577.547477739256
2572.7059684309047
2571.676107133245
2564.8391762447795
2564.8391762447795
2542.6004404939445
2542.6004404939445
2542.6004404939445
2542.6004404939445
2538.340008745873
2538.340008745873
2530.5615977486104
2530.5615977486104
2473.763529523386
2473.763529523386
2473.763529523386
2465.1709879844034
2465.1709879844034
2464.2554656528614
2460.702541958292
2458.9272051038843
2456.3381281900097
2455.062931983618
2447.970792309418
2443.0392956315704
2345.3430452707767
2331.292559933223
2328.1584997589835
2308.1371276421164
2294.9751632642997
2294.9751632642997
2258.2103533550635
2258.2103533550635
2257.9293611625676
2238.5687391724205
2236.6427966932943
2231.978270503546
2231.978270503546
2231.978270503546
2230.362526586205
2224.6446907315335
2224.075313472995
2224.075313472995
2215.09661188852
2215.09661188852
2205.308141734393
2197.7518058233964
2189.935158857449
2187.8843662314516
2177.86937165662
2176.6889993749683
2172.552415938451
2163.7733245421064
2160.3291415893086
2152.3573123438405
2146.296577828889
2141.857138093015
2141.857138093015
2141.857138093015
2135.1505801699327
2129.984037498873
2127.543184050561
2127.543184050561
2122.2558752421915
2121.8291637170037
2119.6129363636182
2117.412335847697
2117.412335847697
2116.30928741524
2113.5685463215996
2103.7763664420227
2099.50922836743
2089.9880382432816
2085.1273342412446
2079.843744130794
2079.843744130794
2075.090359478353
2075.090359478353
2066.201345464667
2063.964873732109
2058.7406344656433
2058.0670543011956
2058.0670543011956
2057.7230134301362
2052.7050445692385
2052.7050445692385
2048.442579131766
2040.9973052407493
2040.9973052407493
2035.3761323155973
2028.582263552553
2028.582263552553
2028.582263552553
2022.7441756188546
2021.8387670632887
2021.8387670632887
2021.7487479902145
2010.6613339893916
2010.6613339893916
2008.017181201396
2004.687257404506
2002.1076394639724
2002.1076394639724
1997.5472459994533
1997.5472459994533
1995.323282077368
1950.7267876358287
1950.7267876358287
1950.7267876358287
1947.8287912442408
1944.9845757743171
1929.3177550626542
1928.9276813815493
1919.6596052425546
1916.0219205426642
1914.8981696163376
1907.3575962571886
1906.9195053803398
1901.0107837674145
1900.0376312062874
1900.0376312062874
1898.3303189908756
1896.7561783212939
1896.7561783212939
1893.9374329686818
1892.8195899239843
1886.911762642864
1886.911762642864
1882.8284574012578
1882.8284574012578
1880.953215792461
1879.2466575731883
1878.9129836157927
1872.5431904231207
1871.6180165835121
1866.5074336846344
1863.9747852371822
1856.476770659951
1851.892275484727
1845.6738606807
1845.6738606807
1843.814253117705
1842.6901530099954
1837.9980957552705
1837.9980957552705
1837.9980957552705
1833.1887518747217
1832.3899694115332
1829.895898678392
1829.8740393808532
1827.014778265354
1826.1155494655864
1824.8512268127504
1821.9923161199117
1820.9341009492903
1818.2997552658912
1818.2997552658912
1817.067417571511
1815.21155791825
1815.21155791825
1807.3450141021774
1807.3450141021774
1804.007483354767
1803.8980015510854
1803.8980015510854
1802.06187463139
1797.8420397799134
1794.0621505399415
1788.7196538306387
1787.7843829723986
1786.1601272002463
1784.0210200555373
1781.052778555425
1781.052778555425
1780.564236414963
1779.5415139861166
1779.5415139861166
1777.7249506040016
1774.3793281032104
1774.3793281032104
1773.7091080557714
1770.0115818830113
1764.2494154739006
1763.2229013939218
1762.5870191284173
1761.393766311213
1761.393766311213
1760.0102272430124
1757.559956303056
1757.4609526245526
1756.038439214814
1756.038439214814
1750.5222077997182
1744.8699091909402
1737.2774677638572
1733.4607004486718
1733.4607004486718
1729.4588749085651
1729.2275732245307
1727.8454792023504
1726.2291273176918
1724.5721208462114
1724.5721208462114
1722.5408558289698
1722.5408558289698
1721.9834493978158
1721.9834493978158
1718.7274362155274
1717.4923580616014
1716.6318766701263
1716.6318766701263
1715.7077256922287
1715.0431481452588
1715.0431481452588
1714.0142939894054
1700.583723313851
1700.583723313851
1699.196574855305
1697.411558815363
1682.7349761623188
1682.7349761623188
1681.5400679139348
1680.838183764279
1677.222406241939
1676.872982667441
1669.2345551180038
1669.2345551180038
1669.070999089014
1667.3769819689846
1664.0183292259735
1664.0183292259735
1663.6150396050164
1661.1860220938534
1660.190651702388
1660.190651702388
1658.5982033030182
1656.4634013463744
1656.375561278299
1655.790445678438
1643.1390689774253
1643.1390689774253
1640.8150413742555
1637.7588345052516
1637.2815884874537
1636.0351463217407
1636.0351463217407
1636.0351463217407
1635.0033639109126
1635.0033639109126
1635.0033639109126
1633.1638007254508
1632.4656198523753
1630.900058250045
1628.7492133536089
1628.7492133536089
1624.7759845591022
1624.7759845591022
1624.7759845591022
1624.5396270943963
1624.0751214152626
1619.6907112161878
1619.6907112161878
1619.6907112161878
1619.6907112161878
1619.6907112161878
1619.306332971004
1619.0247064205043
1617.8235379669811
1617.7573983759123
1617.4776659972774
1613.1196483832189
1613.1196483832189
1613.1196483832189
1610.8544316604155
1610.5228964531984
1610.5228964531984
1610.484088713701
1609.3880824710986
1609.3824902738318
1604.9688470496865
1604.9688470496865
1600.3993251685656
1598.997498434566
1598.814560854385
1592.872562385328
1591.6381498318015
1591.3761340424833
1590.3700827165983
1590.3700827165983
1589.9522005393746
1589.8512509036811
1588.7828674806385
1588.7828674806385
1586.529545895695
1586.529545895695
1581.8049816586115
1581.8049816586115
1581.012966423742
1575.590048204164
1574.2242534022907
1573.511359984414
1573.511359984414
1573.4818079660151
1546.6104874854561
1546.6104874854561
1545.80076335859
1545.0533971355164
1544.8776650595994
1539.75809788421
1539.2036902242667
1537.459267753133
1537.459267753133
1536.529205710064
1536.519443417492
1535.7880713171332
1530.122544112072
1530.122544112072
1527.531669066144
1527.531669066144
1527.107068937866
1525.4051920719294
1524.1525514199686
1523.9429123165999
1523.5009025268084
1522.7626210279789
1521.4134875174468
1518.686932846925
1518.0398545492803
1516.2872419169132
1516.2872419169132
1515.208566501655
1515.208566501655
1514.0300525418907
5493.404772998254
5493.404772998254
5413.537290903241
5244.043382734357
5194.850334706477
5007.924520197963
5007.80021566356
4826.538718377798
4820.039626393127
4628.1738299247145
4611.963031074729
4514.4634232652725
4446.067475871233
4446.067475871233
4368.279409561618
4366.268429677681
4274.221566554546
4274.221566554546
4182.090027725371
4146.010733222962
4140.887465266353
4115.018833492746
4094.362831992299
4008.4762691077517
4008.4762691077517
3965.9959657064705
3947.071319345522
3927.8511937190287
3896.9808826834137
3896.9808826834137
3862.008674252299
3849.1727682711257
3811.037129181504
3811.037129181504
3772.2713317045473
3764.4542765187093
3757.0771884538117
3703.9758368542307
3694.727324174275
3694.727324174275
3690.640594801938
3659.013938207943
3659.013938207943
3636.93181129369
3626.4006949039704
3588.6636788643204
3588.6636788643204
3565.980930964158
3565.980930964158
3547.991826371645
3547.8602001770023
3529.527588785785
3491.4406768553295
3491.389694663144
3491.389694663144
3465.0093794966847
3461.1431637538485
3457.1774614560936
3404.159220718091
3404.159220718091
3378.7956434208922
3354.907748359111
3318.008740193431
3314.9076910224817
3270.7028296682656
3237.8449623167567
3174.416481812051
3165.93872334889
3124.2243837471087
3124.2243837471087
3108.2493464971562
3089.7297616458304
3079.4720326705356
3051.8926914293693
3051.8926914293693
3043.63056233834
3032.818491106911
3008.780816211111
3007.464214250936
2978.854981364484
2978.854981364484
2952.3241691928074
2950.1571144601776
2928.496030388295
2922.936194992973
2914.7588236421893
2910.007731948491
2903.7766787409805
2883.8503775334807
2883.8503775334807
2864.696668061036
2846.919387689086
2840.530408216043
2796.3635314457956
2780.6069481320083
2757.3026674632583
2749.861269227959
2710.6172728734687
2710.6172728734687
2710.6172728734687
2694.2175116348717
2694.2175116348717
2694.2175116348717
2688.0682655021988
2673.5612953512027
2673.5612953512027
2673.5612953512027
2668.87335780475
2663.743043163135
2657.5025870166146
2651.2044432672483
2651.2044432672483
2643.3728454381912
2635.64394408653
2635.64394408653
2631.8957046205305
2627.1227607403503
2618.663972333984
2564.506190283034
2564.506190283034
2547.3868964097305
2540.2190850397137
2531.958925417235
2522.0523388700717
2514.2181687355614
2502.554894502816
2502.554894502816
2496.2551952875333
2490.67179692548
2480.8028942259803
2480.8028942259803
2467.820090687326
2467.820090687326
2465.7485678795397
2462.794753933019
2449.3062283022105
2449.3062283022105
2449.3062283022105
2449.3062283022105
2436.584289533198
2425.2072076422664
2425.2072076422664
2415.921770256645
2403.9625621044934
2392.762420300018
2380.500577609676
2377.7945663997134
2335.7178767993364
2335.6093423344582
2335.6093423344582
2327.785213459352
2325.3554566990397
2308.3680382469342
2302.416556577024
2277.661081021494
2254.4123402785035
2254.4123402785035
2252.3410043774456
2243.5411741262965
2226.407420037941
2220.255615914528
2211.957730156704
2198.891311547708
2198.891311547708
2195.486734189027
2187.0285777739623
2180.4451380394785
2170.8083747765486
2154.8229625656027
2154.6196880192106
2153.0819770737944
2152.8432362808026
2147.49202559637
2145.07762097319
2141.8018115596037
2137.3605217651047
2122.8045129026837
2117.766748251563
2114.5268974406545
2109.152673468661
2106.0258782835504
2105.4398590318365
2096.336327977932
2082.636790225314
2081.0631898142833
2081.0631898142833
2079.092109551667
2073.7070670661274
2073.7070670661274
2072.7638553390493
2067.280097132462
2064.3878027153714
2063.9004336449952
2057.6083203564276
2054.522815643574
2054.522815643574
2051.220612220928
2046.2460751336826
2041.3706179917453
2038.7135649717936
2038.4270896944045
2032.984997485225
2030.5437695356384
2026.1776822381594
2024.823942963931
2024.823942963931
2023.2459069524891
2022.0187931866508
2016.4659679746644
2015.570142664353
2011.0295870523637
2009.2389106325809
2004.4592787083502
2004.4592787083502
2002.0364632044043
1992.3222630889813
1992.3222630889813
1989.5278334318423
1983.7809858953685
1983.7809858953685
1980.5481564455836
1979.011874648558
1978.124111374208
1972.6664695279837
1969.920302956442
1967.6379240093945
1964.1657262054034
1964.1657262054034
1961.7609436422165
1960.7146656257764
1958.849407177591
1956.8318783176035
1956.8318783176035
1954.6117261492116
1954.3039681687187
1950.6311799004957
1947.6722003458385
1946.5829034490157
1946.5829034490157
1943.0669056931622
1937.0838908008088
1933.1531237850768
1927.5629691400486
1927.5629691400486
1927.5629691400486
1924.0124739720375
1923.1819986678329
1922.2466022859815
1922.2466022859815
1917.7604125646144
1914.4223671906886
1910.8770237773022
1909.3119179432156
1909.3119179432156
1906.1497842509648
1906.1497842509648
1900.7356470587908
1899.5465248316505
1896.5777073455229
1895.83543589627
1895.83543589627
1893.215254533937
1868.4215263157294
1853.7386547191597
1848.4709897642429
1847.4181984596773
1845.8361249038335
1840.708559223866
1840.708559223866
1840.708559223866
1836.0043572933046
1835.6113423053366
1832.3449456911762
1832.3449456911762
1832.1370036108108
1825.5664874224658
1824.724910774224
1824.724910774224
1822.3270837036912
1821.6544677847114
1819.051126274355
1816.3042146072337
1815.8697640524774
1815.8697640524774
1807.4811202333483
1789.6192332448823
1789.6192332448823
1789.6192332448823
1786.4764202194217
1770.718215866093
1770.718215866093
1770.5677055679062
1765.5214527158826
1761.707126624627
1751.9026799454357
1751.9026799454357
1750.363676496973
1750.0905690849258
1738.6281948708872
1737.1203182278423
1731.4837567820266
1731.4837567820266
1729.7415991991404
1729.4776668115724
1727.3216261020991
1727.2492582137645
1726.7617090959598
1724.8944895268232
1718.8161623629212
1718.8161623629212
1718.8161623629212
1718.8161623629212
1701.9244989129218
1701.8583959895136
1693.4435331595796
1690.3712609956428
1690.3712609956428
1676.3749580568185
1676.3749580568185
1676.3749580568185
1676.3191820175537
1673.8551311269443
1665.0306303488835
1663.3171675901142
1655.4322698316594
1646.964784080097
1646.964784080097
1644.8565286978678
1644.8565286978678
1643.0015216061122
1643.0015216061122
1643.0015216061122
1643.0015216061122
1640.438051253384
1639.9923780310687
1635.713300062086
1635.5078721913876
1635.5078721913876
1634.36807359909
1633.7178458962858
1630.0579744291306
1630.0579744291306
1626.0089175647224
1626.0089175647224
1625.956333977023
1624.1517786216903
1622.7673893691604
1621.611544112831
1619.4529940692937
1615.2191801733907
1615.2191801733907
1615.1780087655973
1615.1780087655973
1614.0749672800207
1613.716517855599
1612.8580222697842
1609.7940862110283
1609.7940862110283
1609.761473013937
1605.7104346674714
1604.0947602931692
1603.8500553355977
1601.5998251748156
1600.4030742284895
1600.1434310711024
1597.3975710511145
1597.3975710511145
1596.0400997468703
1595.9301363154968
1593.1578703945193
1592.9805397430316
1592.4732336840077
1591.1011909994913
1590.7872265013948
1589.6332910454537
1589.5728986114477
1588.9490237260602
1588.2222766351063
1587.7080965971043
1584.4181897466337
1584.4181897466337
1584.4181897466337
1583.2207679284654
1582.3984959547959
1579.279582594545
1579.279582594545
1576.770116408857
1576.770116408857
1576.770116408857
1574.750456421588
1574.750456421588
1572.8919225426775
1572.3243940103455
1571.1562621203532
1571.0617428987316
1569.9487252773577
1568.2282997063917
1567.4275102855634
1566.7957748219771
1566.4424662272152
1551.6948798007938
1550.4154281998099
1550.4154281998099
1548.1185355133503
1547.9657618952688
1547.4921647620708
1544.9317137012886
1543.694270249132
1543.694270249132
1543.600984710751
1543.600984710751
1542.381924167941
1542.381924167941
1541.5819796559638
1540.4249413716982
1533.7105333145496
1533.5276326170324
1526.98886701901
1526.98886701901
1526.98886701901
1523.5137019403535
1523.5137019403535
1523.5137019403535
1521.532451182031
1516.6904760035911
1515.0567646131283
1510.5164679671652
1510.5164679671652
1509.99205295922
1507.9303697452347
1507.9303697452347
1507.9303697452347
1506.9004612116887
1506.9004612116887
1506.9004612116887
1506.5729321874862
1506.0388441205625
1505.190021226556
1502.8612710426735
1502.8612710426735
1502.632689648405
1501.0116588487913
1501.0116588487913
1500.235981437587
1500.235981437587
1499.525591645571
1499.4078831325385
1499.1357510245696
1498.2840184691286
1497.7629986082577
1496.8066007337086
1496.597808364024
1495.2682033668743
1495.2682033668743
1495.2682033668743
1495.1407960456434
1492.8375665155268
1492.2392569558006
1487.4424358609647
1487.1489501727795
1485.5106865990565
1479.9432421549145
1479.7090930314648
1479.634076385104
1478.856991057621
1476.7995801732882
1476.746762312347
1476.0447147698474
1476.0447147698474
1476.0447147698474
1476.0447147698474
1468.4937861632238
1468.4937861632238
1468.4937861632238
1468.3385168277784
1467.46379853133
1467.2031215888276
1465.573607840971
1465.0863455783076
1465.0863455783076
1465.0863455783076
1464.904775062188
1464.2711497533508
1462.7932184693775
1462.2127068248312
1460.4533542705155
1460.4533542705155
1460.2064922469015
1458.858457836126
1458.2938661326118
1455.7458569406956
1455.7458569406956
1455.4841119022908
1454.3544959878247
1453.8067271821244
1453.5239936100127
1453.5239936100127
1452.3763286421326
1452.3763286421326
1452.3632465743547
5237.4753460040265
5099.173462434868
4980.130620776929
4963.436208918172
4816.523123581989
4780.389628471721
4594.550467673633
4594.550467673633
4496.178710861035
4345.3042471154995
4281.589190943007
4259.79799990563
4165.654450383517
4114.706672412993
4102.809525191244
4034.12915013885
4014.936612201991
3996.114362727874
3974.727286242416
3936.4383648166017
3915.941010791659
3905.9030965962274
3895.4918816498644
3854.9031116229107
3838.7880900096584
3826.2699852467285
3826.2699852467285
3816.508482893756
3782.4490743432357
3773.498906850246
3753.029309770975
3743.890089198667
3726.716785590233
3717.806476943091
3706.3956885362363
3661.1838249396874
3642.7068232291217
3633.972894780587
3627.2965139343105
3590.098605888145
3588.071766283389
3585.199994421511
3555.0908567855195
3553.919245002621
3520.741683225283
3520.741683225283
3511.0853022961433
3505.559869692714
3498.1585155621524
3476.783714872123
3474.726464054401
3474.726464054401
3449.977246301778
3406.0058719855433
3401.879333544916
3394.808242007198
3382.681037283888
3361.8646611664785
3334.32391947753
3314.7051150894254
3311.8523517814015
3292.2829465281384
3263.02712216739
3244.984591642925
3235.216066972962
3215.177755583663
3174.1674498992647
3172.0581646621804
3116.8007636036027
3116.8007636036027
3078.992205251582
3063.0261180734324
3014.6775947022925
2990.0707349492586
2946.832027788486
2932.406520249196
2923.5943631085347
2922.602949427103
2872.627542860369
2869.325181989661
2853.026112744151
2840.808511674097
2840.56314839153
2822.2657564446336
2810.842578302812
2800.2869495821315
2790.280631047709
2781.9834650838598
2760.114671530877
2712.214593279816
2702.969478185057
2695.6375869170543
2672.349153834506
2654.8762683032896
2634.7734247938665
2629.049067628826
2625.3759730750944
2619.1901420095487
2613.3474701998584
2583.300601943181
2574.7757183879144
2574.7757183879144
2563.445337821737
2522.5253219739934
2494.12770322612
2493.515590486653
2476.637640027301
2475.9014519968277
2466.5309647356953
2461.011377462526
2452.8675055942176
2434.7188749422385
2417.9429273661526
2406.9362268244668
2406.6617959322825
2397.55020802485
2396.1439856569555
2395.608064771865
2392.044732023212
2390.457278430217
2336.648668499396
2336.648668499396
2331.5376900234746
2299.031752716782
2299.031752716782
2299.031752716782
2294.9492369113527
2287.8476784961013
2281.6099579025336
2277.4705267028157
2277.4705267028157
2267.750427185496
2218.4512615786716
2216.133118745352
2213.2399327682483
2207.295403882317
2189.425038680247
2189.1573721411623
2188.0774666359507
2182.406699036639
2180.108483539294
2179.757096559156
2173.3092278826775
2168.1335290982424
2157.267948123274
2152.8701772285294
2152.8701772285294
2151.3551543155304
2151.3551543155304
2137.1024776552013
2132.82418403393
2132.82418403393
2132.82418403393
2132.688913086013
2131.0220552589312
2129.0408638633503
2125.217635914026
2120.350678543528
2114.586484398309
2113.5867618813286
2112.8329323446283
2109.6184489144002
2108.8103281234185
2104.5942601841334
2094.25476005189
2094.25476005189
2089.9559803976736
2077.6883789442536
2077.6883789442536
2074.285178079427
2073.0663279306814
2067.2907391075887
2066.8091348743355
2064.842124715592
2051.3073879845506
2049.9821950446303
2048.784761755124
2045.6092002139608
2045.6092002139608
2036.2229740379612
2036.2229740379612
2030.5176679851866
2028.4501472799375
2026.637362726741
2021.5214567251073
2013.660597022249
1973.1457118013357
1969.2074547898706
1969.2074547898706
1962.421718183938
1962.421718183938
1955.245764603519
1955.245764603519
1948.587693689971
1948.587693689971
1945.7669439066951
1944.225295586908
1940.9755279240385
1940.9755279240385
1935.170018370479
1932.9472315611722
1932.9472315611722
1932.9472315611722
1931.8744783240966
1930.0528490173526
1929.5784513722163
1916.4681056568618
1915.527081510465
1909.5130269259753
1901.5383246203585
1895.626809263891
1878.3436852716811
1878.3436852716811
1873.7884085456394
1873.7254334613704
1870.954569197232
1869.1198463447977
1868.7560033348389
1868.084848180082
1865.0305627522569
1862.8231263327177
1859.3012128216342
1858.8948329585512
1858.8948329585512
1855.6271177151943
1855.6271177151943
1850.6631243962256
1848.7228023692464
1846.5381122522222
1845.0826539751545
1844.5273107221806
1842.9470963649499
1834.6383839874277
1833.7666154666465
1832.5378577262736
1825.687541722296
1823.2424413664794
1818.187009083499
1813.9972436583248
1813.9972436583248
1806.389769678737
1806.389769678737
1806.389769678737
1803.3089031000761
1803.208251977569
1788.3067410262704
1781.502455793985
1781.1760160074018
1776.1356930144723
1773.549266301898
1773.549266301898
1772.336875427468
1770.3525072707978
1768.515196428914
1767.2037234003328
1763.0068065665544
1763.0068065665544
1761.9367185004119
1761.2075402972814
1757.8128455555216
1752.83256473629
1750.2359840890028
1747.7311005987162
1743.7863974695983
1743.7863974695983
1743.5739158406793
1741.9933983801432
1740.8716207693203
1740.8716207693203
1740.7960822566208
1738.3253435418815
1738.0676051293287
1734.6656738403512
1733.7427721550853
1730.757348677162
1730.7400151380334
1730.7400151380334
1726.3904540977976
1726.3904540977976
1724.581108559409
1722.3588476272882
1721.6158108010045
1719.9936046392731
1713.7712799554088
1713.7712799554088
1711.388033147363
1702.4825990300164
1700.8656619498202
1696.000589622539
1693.753819183886
1692.7335880167323
1691.6926434787142
1691.6926434787142
1691.04523889812
1690.9044916848497
1688.9100035229824
1683.8542098412202
1682.493090624743
1681.5745597504738
1681.5745597504738
1680.2041542622135
1679.7699247218352
1678.2687508262793
1672.5833312573698
1672.5833312573698
1668.0746386178287
1667.0491894362326
1664.7294074413414
1664.7294074413414
1664.7294074413414
1664.7294074413414
1662.7227670300301
1655.2848697429697
1647.418890264404
1647.418890264404
1644.462526176866
1638.6723284415343
1637.8211135530034
1632.6882739825137
1632.6882739825137
1632.6882739825137
1632.6882739825137
1631.1437704874454
1630.249367428186
1630.249367428186
1629.9337409845837
1627.324491304669
1625.723531231556
1625.0889206440365
1624.181024393525
1622.951940138709
1621.7339485871287
1621.37780914875
1620.0206788803655
1620.0206788803655
1620.0206788803655
1618.624724882207
1616.817243846688
1616.817243846688
1616.817243846688
1615.9845296289195
1615.9845296289195
1614.2186964596835
1614.2186964596835
1612.6317000480922
1610.1608615290586
1609.6415750097908
1606.2745717964908
1606.2745717964908
1602.5663792804341
1601.6532084068635
1597.4914710257453
1596.7441874013507
1592.6173426156076
1592.6173426156076
1592.6173426156076
1592.6173426156076
1592.519387637086
1590.9164025806008
1590.9164025806008
1590.5929711903043
1590.5467613371195
1588.9008779656458
1588.9008779656458
1587.637238162421
1587.2158013326355
1585.6850254700648
1585.6850254700648
1585.6850254700648
1585.6850254700648
1584.990220790021
1583.7982826105097
1583.136128069851
1583.136128069851
1581.1631794346845
1581.1631794346845
1581.013282676651
1581.013282676651
1579.398619728408
1579.398619728408
1578.1834494126467
1576.58428255517
1576.58428255517
1575.7683839955669
1572.4503171801646
1572.1456675511974
1571.6074573505944
1567.9065660937836
1567.6166623253275
1566.7367360217222
1565.5800841860503
1564.4411142641322
1560.1483903782998
1560.1483903782998
1560.1483903782998
1558.1527524604255
1558.1527524604255
1556.3347968865826
1553.746440060282
1552.223888490317
1551.6201210347847
1545.5080070966958
1545.5080070966958
1545.5080070966958
1543.7671456537737
1540.846845082275
1536.6160873816204
1535.5106642417043
1532.5237355421286
1528.2921841061675
1528.2921841061675
1528.2921841061675
1528.0350126878639
1528.0350126878639
1527.222642577041
1524.8413032181415
1524.8413032181415
1522.7196064935922
1521.5423096319078
1521.5423096319078
1521.5219354317571
1520.86948815472
1520.109864450593
1519.6331794219288
1519.6331794219288
1519.3518354877517
1515.8753246886763
1515.8753246886763
1515.8753246886763
1515.5757981704512
1514.1713905631686
1508.965208346435
1505.422532048727
1505.422532048727
1504.8335456122713
1504.4839646868957
1503.8992652435202
1503.8992652435202
1502.2979065418417
1502.2979065418417
1501.7742839721288
1498.8071924033459
1498.8071924033459
1498.8071924033459
1498.8071924033459
1497.703241633669
1497.703241633669
1497.703241633669
1497.678203086364
1496.689680595146
1496.689680595146
1496.11296364947
1496.11296364947
1495.226404261241
1495.079930973592
1493.2796121289543
1492.8991928459202
1492.8871357205808
1490.817560937622
1490.7025189487003
1489.7076894478325
1487.6017612250935
1485.184500323108
1485.184500323108
1483.515082498321
1483.4341913276774
1482.6786570258573
1482.6786570258573
1481.761114350083
1480.6282450365452
1479.1348822876162
1477.9343693141452
1477.9343693141452
1477.9343693141452
1477.2995633926114
1474.4951678455918
1474.4951678455918
1474.4951678455918
1473.3030916956632
1473.3030916956632
1470.8500943332056
1467.9713893669727
1466.4388838270759
1466.4388838270759
1464.0351771730077
1463.4777073806079
1463.435683588452
1462.1193521734126
1461.619649566877
1452.2396496446445
1446.5403554688683
1446.5403554688683
1446.5403554688683
1446.5403554688683
1443.86218178883
1443.86218178883
1443.3540799124794
1443.3540799124794
1443.3540799124794
1443.0661800485798
5076.023246597675
4943.254595911483
4923.711912774751
4873.5631728746475
4794.118897148881
4668.967337645446
4542.296555708356
4504.998335182822
4424.077870019921
4424.077870019921
4287.382884697843
4154.069811642554
4131.570282592322
4102.405757601264
4090.0658918897625
4018.077276509251
3979.962939525945
3971.833455722936
3938.5967044113568
3898.875478904142
3898.875478904142
3848.045218029539
3804.907620429174
3771.2113438522642
3758.6266108779682
3729.652262611087
3695.2270566231787
3671.052301452541
3658.865124598063
3655.2164094619625
3619.7386645999736
3612.678369298878
3587.5265852673483
3543.677468393533
3540.608704728609
3518.776349812531
3509.4909887332665
3506.7758696557726
3486.690551224757
3479.680588789724
3436.7314413552886
3430.890409208665
3411.682136424787
3411.279085621697
3387.6698481404587
3383.80687983224
3356.5383954306258
3356.5383954306258
3352.6653575923738
3346.195899824157
3311.7561806389067
3301.4660379897896
3278.63081178714
3277.450228455041
3273.0450653787216
3233.6151595389333
3222.5001163692764
3214.4674520050753
3205.6355064167856
3144.355418841833
3144.355418841833
3134.6581950828386
3124.2999215824334
3124.267114060512
3076.014141710015
3076.014141710015
3061.398209968772
3035.6997545870704
2992.2514934410174
2986.895378147685
2968.556720024059
2963.9929149712893
2951.6242985854415
2944.4284674618943
2916.1500304339625
2916.1500304339625
2897.3701869108822
2875.2203393827053
2875.2203393827053
2866.2553968549278
2866.2553968549278
2850.5974812309087
2837.51123345794
2824.5282791999093
2794.93756638677
2794.93756638677
2781.9268502244986
2768.0787561050356
2766.630802980405
2761.7224697641145
2752.7092109411046
2752.7092109411046
2746.3721524949965
2738.6805217111396
2737.623787155569
2728.376623562077
2725.9526775056092
2720.172972441275
2703.4932957194474
2685.172992564911
2685.172992564911
2660.1804450074433
2660.1804450074433
2634.0461271587483
2617.8875071324205
2617.206908136993
2600.4305412758094
2592.7070794827555
2581.461795185046
2576.101706066746
2570.208940922897
2563.602933373263
2552.57105679744
2552.57105679744
2539.2166114768547
2525.0615834074224
2524.161048744711
2523.9764261973605
2513.0549138449005
2487.4852763383346
2481.4028290465053
2478.1934952702945
2471.8493077046587
2467.7615362915435
2449.9377543113214
2449.9377543113214
2420.1225175598033
2418.6986170252794
2418.6986170252794
2409.7651337837883
2390.8715983925194
2390.8715983925194
2380.571570022628
2379.193350696828
2379.193350696828
2368.690777623791
2362.823099599291
2361.8134981407825
2357.451165984144
2350.7383946326313
2342.697590385921
2342.697590385921
2340.573006765651
2329.025117940981
2324.343993474288
2320.5971214323267
2312.022491240083
2312.022491240083
2277.5625128632582
2270.4070119694397
2270.4070119694397
2245.934326733531
2245.934326733531
2240.730238114352
2238.583704041464
2238.089140315908
2238.089140315908
2227.781407589174
2227.781407589174
2218.373277877283
2218.3286501327975
2217.745476830017
2206.372135429561
2192.956223913282
2186.277429787903
2185.9970265304573
2184.7963291803653
2181.549449359331
2174.3159843960125
2173.8921316385504
2166.072944293428
2163.545007620595
2163.0832161523513
2155.697566914246
2153.9231648320233
2148.479229594738
2128.8990112262254
2128.7562096210077
2128.7562096210077
2121.434184696758
2089.751899149753
2085.12038021789
2085.12038021789
2083.6396041542307
2083.6396041542307
2080.8058535096443
2078.277652288067
2070.7119548599703
2070.7119548599703
2066.0300094625923
2059.579325978973
2053.338257569853
2052.3194195836086
2046.6032834919424
2046.6032834919424
2045.140093000966
2040.6888542842587
2034.292260222213
2034.292260222213
2032.7533052488195
2031.0573600959674
1993.7136203577484
1984.773286801291
1971.9363579994158
1971.9363579994158
1970.9355646494382
1965.2610513618795
1965.2610513618795
1962.305786568444
1962.305786568444
1962.305786568444
1961.990061136906
1956.4613464109123
1955.350352238698
1952.7288598266784
1949.9443581805097
1947.5587282544268
1937.4163207736224
1933.9658735355183
1928.5668253913318
1927.2062681508692
1918.8564302729894
1918.5372031837173
1913.3742446264923
1912.3041076146858
1887.1923590349766
1886.334540848998
1880.0515950366894
1879.035124738226
1875.8107580457045
1874.7709193392136
1874.0645666571897
1868.1755806133426
1867.854384046037
1867.3877476303628
1865.137260364502
1865.137260364502
1862.9369286156739
1862.8663398107767
1859.069121899452
1857.4084095857863
1857.4084095857863
1854.5031679670974
1844.9428175420505
1842.0043431002002
1840.3448046493895
1840.3448046493895
1838.5320231097417
1835.1555792357224
1835.1555792357224
1832.2617171135787
1828.4170749585555
1827.5606693075883
1826.2696953078973
1825.7869536175353
1825.01589034178
1821.1845046562416
1821.1845046562416
1819.2240103956412
1816.241999294147
1815.3101663352188
1815.3101663352188
1815.3101663352188
1814.4241510738332
1812.3070931826096
1811.7913787188634
1809.0030403512317
1806.7883107879572
1806.2436159056729
1801.7388823023164
1800.8953328830635
1800.8659028367438
1792.346227713831
1785.9902015408707
1781.026108736197
1780.1300514288275
1777.4982419119294
1777.10860669797
1775.0518302291907
1773.0972900548916
1773.0059221559302
1769.4377638108665
1767.4102523183462
1766.9428400488794
1766.9428400488794
1765.4112835257397
1765.218400085383
1763.5688248548736
1761.616019454864
1752.6357294087097
1752.528744414767
1752.528744414767
1751.963755332855
1746.9962793320426
1746.9962793320426
1746.9962793320426
1746.9962793320426
1744.6051129123748
1744.6051129123748
1743.2868381307765
1741.499928222795
1741.499928222795
1741.499928222795
1740.7188170408224
1739.0641161268322
1716.1322792838553
1714.1411843835967
1710.7469129009119
1710.7469129009119
1707.509297192844
1707.509297192844
1706.3806726519144
1703.6578294951132
1702.2623182106804
1700.892412823339
1700.8227420868996
1696.5037577323546
1696.5037577323546
1694.1977452469944
1694.1977452469944
1693.9350636904592
1690.991425170453
1690.991425170453
1688.9026022835064
1686.9433896844316
1686.0587178387352
1682.725170668104
1681.7704956384507
1680.9717427726143
1680.9717427726143
1675.567366595566
1675.0686553093876
1674.0660082565441
1672.5522413365748
1671.363814374357
1660.2234789328816
1660.2234789328816
1660.2234789328816
1658.155300326239
1656.1370716217907
1656.1370716217907
1656.1370716217907
1654.9220525450737
1653.7663075537607
1649.2116298401488
1649.2116298401488
1649.2116298401488
1643.706786504211
1643.706786504211
1642.4475638509741
1639.5868382004046
1639.5868382004046
1637.9239909104451
1637.9239909104451
1636.813367491847
1635.263587315513
1635.263587315513
1635.263587315513
1631.7291441902973
1631.7291441902973
1631.3013210317706
1631.3013210317706
1625.989852366859
1623.8010961937425
1621.7062002718
1621.5813269768494
1619.5817361281893
1619.3347399472414
1617.925523625856
1610.246564970719
1610.1953297659263
1609.5825545774283
1609.5825545774283
1608.077423509204
1608.077423509204
1606.746713082059
1606.3679528675864
1605.11183411001
1605.11183411001
1592.581866027615
1592.581866027615
1592.581866027615
1582.3109681728179
1582.3109681728179
1581.0094876375663
1577.5946881249315
1577.5946881249315
1576.3146893942212
1576.3146893942212
1575.2253806995366
1574.4310083328517
1569.334572358616
1569.334572358616
1569.334572358616
1565.9591310120452
1559.8128092819343
1559.8128092819343
1558.2823877590351
1558.2823877590351
1556.9755938999172
1555.7490157477203
1553.4365130252347
1553.4365130252347
1551.884660662641
1542.1488255029085
1538.932747068565
1538.932747068565
1537.8852362904067
1537.2179416075003
1537.2179416075003
1537.1008424953777
1536.5487301091364
1535.4452123081435
1533.5396962583004
1533.1386108242139
1533.1386108242139
1531.5139568413995
1531.5139568413995
1531.4391923938736
1530.3862257613273
1529.0739027267452
1517.380308294529
1517.380308294529
1515.9017118533775
1515.9017118533775
1511.8525060335746
1511.526380848181
1506.8642938234352
1499.720640652785
1496.7564932212588
1496.7564932212588
1492.1330369641978
1491.3198852023665
1491.3198852023665
1491.3198852023665
1490.7078855362643
1490.3932366996303
1489.0399591683226
1486.9189621495852
1486.9189621495852
1486.6263821148877
1483.2946436901875
1482.850633071315
1482.376807697692
1482.3737720291736
1479.4769345954671
1479.4769345954671
1477.8349028223688
1477.1096777152331
1477.1096777152331
1477.1096777152331
1476.2106895697511
1475.2803123474534
1472.0957849270542
1471.3653523173637
1470.0340132119393
1470.0340132119393
1468.0497266782213
1468.0497266782213
1467.3871336494674
1466.2567987907166
1465.3334091598404
1461.5662831360062
1461.5662831360062
1459.6427645146603
1455.6593007980955
1455.6593007980955
1452.6789046447946
1452.6789046447946
1449.9965517200378
1449.6230544524324
1449.6230544524324
1448.8222803366878
1446.370284539889
1446.370284539889
1445.3639680025235
1443.7108436248582
1441.6736801370828
1441.0936818958023
1439.5902194721941
1437.237628229932
1435.1038289963553
1435.1038289963553
1430.857085805567
1430.857085805567
1429.43975039174
1426.8675481627579
1426.7315795201282
1426.60996772068
1425.0442098405229
1425.0442098405229
1423.7334722482294
1423.7334722482294
1423.432119912994
1423.2835276219562
1423.2835276219562
1423.1602158576525
1422.713252907978
1422.713252907978
1421.7271186834694
