4644.647779972126
4644.120261147422
4570.079758603782
4460.388996488983
4379.197300876041
4229.962292976144
4229.962292976144
4192.706882194366
4040.7249349590725
4022.156511126836
4022.156511126836
3984.1735654963627
3938.968138992749
3938.968138992749
3890.497911578928
3823.527036650846
3790.182185594777
3790.182185594777
3759.5104734526276
3735.41175775844
3685.4615721779
3653.5139249768845
3653.5139249768845
3645.818289492772
3624.052703811025
3615.2706675987624
3600.899332111355
3592.0201836849415
3578.142814366134
3562.5135789214896
3552.1670850341484
3548.046645691119
3509.4838651858768
3509.4838651858768
3477.305709885169
3477.305709885169
3475.9077950946858
3460.81738899931
3439.0901413019114
3428.688524786117
3413.627103243704
3393.958455844738
3391.6597706727603
3368.3393534500055
3361.5725486742062
3360.266358490053
3356.713571337298
3339.078166200965
3339.078166200965
3299.014246710675
3299.014246710675
3279.759747298573
3279.759747298573
3278.4686974256747
3275.2980017091572
3266.687006739397
3260.557007629218
3252.0830247704316
3230.339455846707
3218.946411483111
3206.2448440504354
3183.9904208398616
3175.7093695739854
3167.442343595223
3167.442343595223
3149.1222586619274
3128.868645373276
3128.868645373276
3123.0384243553585
3098.0685918810773
3058.2238309188556
3058.2238309188556
3046.0059093836308
3010.4612603386877
3000.21465898692
2935.9216610802137
2926.777408686899
2905.9263583236243
2901.0691132753113
2900.3211891099236
2892.1925938636937
2873.2673039590313
2873.2673039590313
2862.939747881537
2856.2520897147715
2830.9199918047843
2809.8631639280943
2805.9344254632892
2795.889661628298
2762.3891832976756
2748.4197277708513
2739.0819629941707
2738.453030453508
2721.087282686831
2718.4206812044376
2711.7621577122136
2705.4443257993685
2702.4725715536874
2702.4725715536874
2620.207816185579
2620.207816185579
2606.7115298782105
2606.7115298782105
2606.2647601500503
2528.1336989961587
2521.7515738073803
2516.047296852744
2508.310188154567
2497.706548015599
2487.225160696152
2487.177717815918
2471.8596238459822
2471.8596238459822
2471.3546892342265
2452.6444911564336
2444.788538912926
2443.3593677557956
2429.866045690585
2422.388697133472
2414.8741168019505
2399.5020316724053
2394.411827568516
2379.680650843722
2379.680650843722
2379.680650843722
2321.2701264609427
2321.2701264609427
2317.5303665755923
2296.607498028342
2296.607498028342
2259.1861366430167
2247.1101441629426
2241.6384632674376
2234.269903122718
2234.269903122718
2205.212007948442
2205.212007948442
2192.39663382336
2187.3838254865104
2169.2574766495563
2169.2574766495563
2164.948498232695
2163.4664314474585
2162.1958745682596
2162.1958745682596
2159.0421487317008
2153.2997933404445
2153.2997933404445
2149.688814689233
2149.5069202028635
2141.090843472084
2139.8523313537316
2133.3754943750528
2131.833248638364
2130.281671516703
2121.5086613068543
2119.405812957962
2119.405812957962
2115.2281200853963
2113.135821474805
2108.907300001591
2105.613687265544
2098.782742448584
2096.441031844206
2088.89205082503
2086.4004888803106
2086.4004888803106
2078.998075997186
2078.3878367619454
2078.3878367619454
2078.3878367619454
2073.86836612163
2070.0299514741328
2070.0299514741328
2066.3804102826757
2063.5232007418767
2060.335409587478
2060.335409587478
2058.959203092669
2058.2006704886676
2057.556803590122
2055.106323283542
2054.288928072193
2052.189075109796
2050.2812002259593
2050.2812002259593
2048.1857825890697
2048.1857825890697
2048.1857825890697
2046.4896774721342
2046.4183345543013
2046.1981819950872
2022.9120099500126
2022.9120099500126
2017.4045206651044
2017.003222605259
2012.4616766537445
2011.7882592360459
2009.407872981491
2007.674525414914
2007.5365501031358
2006.687569104867
2004.112022817088
2004.112022817088
2000.0907479412028
1998.8549221992075
1996.877812987064
1996.877812987064
1995.6587884706144
1995.455336508437
1995.0503753038417
1993.4660769624347
1987.850346479835
1987.850346479835
1983.4679226042451
1983.4679226042451
1982.610400456933
1982.497919292729
1981.6717689869834
1981.6717689869834
1980.9987380107036
1980.9987380107036
1978.1984228079853
1977.676414381281
1977.4769278047215
1976.1806597576042
1974.3178568812064
1974.3178568812064
1973.0430811312763
1971.7834566706356
1969.255189151472
1967.4567339588436
1967.4567339588436
1962.6848957486782
1962.6848957486782
1962.3898695213447
1959.6698701567057
1959.3991425944841
1957.517560585345
1957.1931432538793
1956.950944709652
1954.0388941881376
1954.0388941881376
1951.2185935973448
1948.3213287340463
1947.0916773485526
1946.3843402575967
1945.8784648584813
1943.5758282094373
1940.698327922194
1939.328234208949
1938.0100618933845
1937.4604512092628
1933.6923229924662
1932.7322628858867
1931.6169392506372
1929.8704619740672
1927.6939591128048
1925.7107778687848
1925.124931010972
1923.0028601122776
1920.565021028968
1920.565021028968
1918.6844451342174
1916.4571479686156
1911.0088958453334
1909.636876476782
1909.636876476782
1907.490760134895
1906.1928024205736
1903.4516016962448
1901.6868827438443
1901.3011334346802
1898.3023995138394
1892.7894758794491
1892.4885732812234
1891.9952431229842
1889.5015215659394
1885.5381194767715
1885.0209547906888
1876.0549032477702
1875.3924922532883
1874.6791725519329
1874.6098260704812
1873.6149551068384
1866.4993972675159
1865.3755654023132
1865.3755654023132
1865.3755654023132
1865.338843213211
1857.8075788412534
1857.2541560055802
1854.749578784155
1838.8417550186314
1838.8417550186314
1837.2495747720286
1835.4637016296454
1834.9705719711149
1831.508121740114
1827.9685445871326
1827.9685445871326
1823.9144716789765
1819.294368704526
1819.294368704526
1816.4024884369653
1811.8258746358601
1811.8258746358601
1811.8258746358601
1811.7734405824588
1809.9176776859217
1809.867122194334
1809.5574044500495
1808.1050854416621
1806.3507411352869
1805.656944161875
1804.1305385143282
1801.829070694554
1801.829070694554
1801.0394221115762
1799.6935850305185
1794.9835653843743
1794.9835653843743
1794.1989856200455
1792.8742287176756
1791.0335005242084
1790.3943699643382
1790.3943699643382
1790.3943699643382
1787.0881343683081
1785.9154515261914
1785.9154515261914
1785.9087322704931
1782.1935921779093
1779.555000554914
1777.008441172973
1775.0912652593388
1774.6388364960349
1771.8659655854333
1769.4004634338717
1769.4004634338717
1756.9422301259651
1753.017683881141
1753.017683881141
1750.9751568768759
1749.2252570781156
1749.0174384493712
1748.6966575138183
1748.5185157727099
1746.5674908230715
1744.6142840181035
1744.6142840181035
1741.2753946461198
1741.0574373064203
1737.7522838425505
1737.0279214796751
1731.7032078274844
1731.7032078274844
1728.129046107379
1726.9102466544114
1725.4857287152508
1725.4857287152508
1708.3225690717782
1705.7362046928592
1705.2712394220457
1703.7711113879118
1702.6737796771288
1702.6147538418666
1700.8603705184032
1700.2317489095421
1699.6449629260812
1699.5161076023962
1690.9943820131396
1690.9943820131396
1689.300150950091
1684.8477676039458
1684.8477676039458
1681.7820905218368
1681.4785160685224
1679.8374921402367
1679.6582985833757
1679.334689691129
1678.3867254003173
1675.5912389362747
1666.1293467195158
1666.1293467195158
1655.6717669876477
1655.6717669876477
1652.2841765265441
1639.8844471486398
1639.8844471486398
1636.7962609927968
1632.3204342285248
1629.1289083433514
1628.3715792164883
1628.3715792164883
1628.3715792164883
1628.1071832038576
1626.6278000821208
1625.3082784505837
1622.9340713658087
1617.0089671983887
1615.3603313193005
1614.0693913212033
1614.068461992861
1613.84261934056
1610.0583840345666
1607.1667617269839
1606.417131382755
1606.417131382755
1605.571860739967
1599.1072509372223
1598.2656224795676
1597.726822707812
1597.726822707812
1597.5302814031413
1597.4579806680363
1597.4579806680363
1597.047901598446
1597.047901598446
1596.5321794439346
1596.5321794439346
1596.428200703057
1596.3658728499554
1596.3326720956381
1595.9354623542895
1595.1184908965226
1595.1184908965226
1594.9680247578633
1592.8207683226635
1591.3418865850292
1590.822428808445
1590.3028013557669
1584.0388252817543
1580.7229358745954
1579.8756280163323
1578.3168249752646
1577.6650468334526
1576.4209463211278
1576.2058875667226
1576.2058875667226
1575.7169796635435
1574.9742855043698
1574.148658799416
1574.146435373787
1573.812250555955
1569.6834075698196
1569.6834075698196
1569.6834075698196
1569.6834075698196
1569.6314854130571
1568.7590637188364
1567.8791407503322
1565.7921317978323
1565.7921317978323
1565.7921317978323
1565.7921317978323
1565.7001628664411
1563.1359505813946
1562.68422913908
1560.63833094026
1558.6186191624943
1557.7949158987522
1557.7949158987522
1556.539752142553
1556.2737548387815
1550.712416923267
1549.0984474848588
1549.0984474848588
1548.293576812873
1548.293576812873
1547.5667998506558
1547.3942613309641
1546.4682343973316
1544.0035621720567
1544.0035621720567
1543.03078387957
1541.689008847115
1541.5343006238948
1541.2803119484788
1540.9182327430615
1540.3389237437325
1540.087335185898
1539.9220759505981
1538.5954634016052
1538.5954634016052
1537.8377677765623
1537.8377677765623
1535.6337453963429
1535.6337453963429
1535.5878353256123
1533.148720770428
1532.208536720769
1532.208536720769
1530.2774258284019
1529.895094442753
1529.895094442753
1529.895094442753
1529.895094442753
1529.1684014522402
1529.1684014522402
4679.972970007412
4561.760076987829
4392.673217984693
4280.277794723142
4213.808491139577
4162.325431774887
4085.5385201953486
4085.5385201953486
4024.1893593617087
3982.204289084125
3948.461219259979
3919.9605865365534
3847.7776702922947
3831.4445056662375
3782.504064769792
3727.9446079575805
3727.9446079575805
3727.9446079575805
3685.984671699002
3670.140324292792
3658.926481906954
3625.9058178612418
3625.0857920882368
3591.6621500358297
3590.8802541995187
3571.8505007908716
3547.386925611583
3546.9560188984583
3532.356012635193
3467.294478408201
3465.673671885453
3458.7786861838963
3439.796069536681
3439.796069536681
3425.3843579954646
3407.360268595031
3404.3851133501335
3400.722864333405
3377.732967539027
3338.464317616709
3304.2374309362212
3304.2374309362212
3291.6296875559983
3263.6102708503663
3228.704693836214
3209.52099229776
3185.192615839739
3185.176761186104
3184.20979208343
3178.476207241451
3172.692862538068
3157.1171976979253
3134.9767144270786
3128.503476104829
3073.0335175523223
3049.0150868764163
3049.0150868764163
3045.9519037568534
3031.461528701956
2998.9211393432806
2988.1044158462737
2932.840432072635
2927.364001964908
2927.155445137822
2904.1005492234594
2898.8916847650585
2898.2210060656175
2896.23289809366
2852.667523564567
2827.4713084309096
2809.4221825848817
2803.6000071336853
2736.8295526027923
2731.9687040667213
2722.3772699609435
2722.3772699609435
2718.4813775341554
2695.4658224507316
2694.8144648565326
2687.7749161713673
2682.185489484275
2676.649024433349
2676.4831402420605
2670.742967790049
2595.0830429872567
2595.0830429872567
2595.0830429872567
2588.4719430582977
2588.4719430582977
2584.5682424730053
2584.5682424730053
2539.0005907837044
2539.0005907837044
2525.883409819226
2525.883409819226
2499.2158770302335
2488.4890998354804
2486.114237117836
2482.4796071669953
2480.2844594924995
2478.424096073955
2476.7236422338283
2469.8595101746173
2426.550638251755
2426.550638251755
2411.6017498749666
2405.439460888592
2400.935442697283
2400.935442697283
2400.3937177054936
2392.11224653025
2392.11224653025
2362.884042859488
2362.361530333577
2307.465492699728
2305.7907537328706
2299.16898030571
2288.61071394853
2288.61071394853
2286.782893061779
2286.782893061779
2280.8465533656577
2280.8465533656577
2279.597113526862
2275.09604192878
2264.4705783030167
2263.4053989508816
2258.698297692722
2258.151456390824
2251.4044505596944
2249.1449486415945
2241.8394233307613
2235.695417537908
2235.695417537908
2232.8092171074536
2230.5763829109283
2228.982278978458
2218.5125647604523
2218.5125647604523
2212.790545894482
2212.790545894482
2212.5428809403898
2206.847072182393
2204.765293631048
2203.8745427088174
2201.3829744049535
2197.572751924268
2189.5846638118383
2179.7949444844576
2179.7949444844576
2171.0766914137325
2161.7860671213516
2159.51892790964
2154.1404318196155
2154.1404318196155
2149.850692490062
2149.5611179959506
2149.479471872202
2148.7214803226593
2146.5714523397537
2145.4838615100325
2145.0321675909663
2143.6732493549475
2140.7202059120195
2139.1283271463635
2139.0007012621572
2136.5186636207977
2136.0517315832967
2131.215850166285
2129.3879402307134
2125.6711881191786
2125.6711881191786
2125.439013474628
2123.252693392852
2122.959961939933
2120.010141485177
2118.390190687259
2117.762734585723
2116.6742782015376
2116.022920480778
2116.022920480778
2108.7026817453425
2108.7026817453425
2086.523663896482
2080.1213906885337
2080.1213906885337
2080.1213906885337
2078.453992755192
2077.7978727489353
2077.100382745138
2075.7343278945887
2075.2361311426707
2074.6500909791994
2074.6096018287394
2072.6601265041018
2054.73136930354
2052.9296139906987
2048.6546805159724
2048.6546805159724
2015.9717259922074
2011.1451961506907
2011.1451961506907
2007.9282855719723
2004.2736839064669
2004.0446601810052
2001.9770228451673
1977.6812179924245
1977.6812179924245
1977.6812179924245
1971.6072124031195
1970.8655458960156
1966.7968883440913
1965.4251448478012
1956.650709758898
1951.3280093310811
1940.5233830077905
1934.2267188724284
1934.2267188724284
1934.084020925668
1928.9235339950621
1928.9235339950621
1928.9235339950621
1912.2627957474883
1910.4256070310616
1910.1217238699737
1908.5735511108815
1907.5908890535204
1904.713889275762
1904.5933949271168
1904.5933949271168
1904.1260462479893
1903.0386228345446
1902.9188106695462
1901.6966109240454
1901.222501444794
1899.706293088487
1898.9747233704823
1897.0234579466855
1894.2125012785657
1894.2125012785657
1892.9442675366859
1892.027483944142
1889.0577016068091
1887.1221476099527
1884.453767010483
1883.5015264129731
1883.4537424635625
1874.7530504042393
1872.817396330993
1867.814498284024
1867.3612398247963
1864.678524571997
1864.678524571997
1864.0952228896463
1864.0952228896463
1863.8658750028126
1863.1357975198694
1862.3246226155095
1861.3051872275003
1859.2829262917464
1859.0379232280336
1857.0883123858166
1856.4097069343286
1850.1735053772659
1846.2754399059745
1846.2754399059745
1844.6896757991574
1842.7053481226997
1841.8811036546306
1840.1994457123392
1838.5138019607032
1835.8725445956209
1833.2244816170223
1829.115086592421
1829.115086592421
1826.7123473606894
1822.1780922840665
1819.8887328625342
1809.8099347721572
1809.8099347721572
1809.8099347721572
1802.8169624229743
1802.8169624229743
1802.3368164691083
1800.8398040914133
1793.4257720909443
1793.4257720909443
1785.8824149422603
1778.3590751026634
1777.473487847287
1764.2919259578332
1764.2919259578332
1754.0213795732366
1747.2661503045265
1743.355385456448
1743.355385456448
1742.2106646442044
1739.577534920476
1739.577534920476
1739.5114256595155
1730.6256094256782
1727.6463758535772
1724.8959388902276
1722.9294820160226
1722.0351332072178
1722.0351332072178
1721.6500805912913
1720.5781005231934
1720.3113090368265
1720.3113090368265
1720.0845909431314
1719.228315262403
1718.7684544463807
1715.4725296547304
1701.679464529087
1700.0832332565367
1700.0832332565367
1695.8596640052501
1695.8596640052501
1695.8596640052501
1692.0540771500182
1691.6016079443764
1691.6016079443764
1689.7600421361608
1683.8126380331037
1661.9587840858148
1661.9587840858148
1661.6178862783104
1661.6178862783104
1654.423162313681
1654.423162313681
1652.627302207004
1651.039975288303
1651.039975288303
1650.5184034114857
1648.3288506848382
1648.3288506848382
1647.7290432592367
1646.0486019556045
1645.8736281987144
1643.6608530959177
1643.4007423632254
1642.5261032933388
1640.7876157504359
1640.7053361283372
1640.7053361283372
1640.7053361283372
1640.7053361283372
1640.5279637970211
1639.1668615488784
1636.0779321291513
1635.6292367159497
1635.6292367159497
1632.08210577777
1630.3594695649178
1624.621802143502
1620.347493595124
1619.2161683975366
1616.6619931203925
1614.2032090167581
1613.9482643505028
1611.287994121473
1609.7509124085007
1609.4079656817908
1608.4937053031945
1608.0027985050274
1607.9533575324876
1607.5549757317788
1606.9408825467103
1606.9408825467103
1606.501167133096
1606.1967500901003
1605.6783613164873
1605.3466915280326
1604.5410558785961
1603.799551066155
1602.5904030662357
1602.5904030662357
1602.0961269536856
1595.6904461705597
1595.1630010754386
1592.801619788227
1592.2405597145175
1591.7135420671648
1590.7227916893628
1589.9805030251157
1586.442246033558
1582.810790966501
1582.000316055594
1579.3042772056308
1577.975918700916
1544.9330082563451
1540.3859905880734
1540.3859905880734
1540.1003214076673
1539.206288968441
1538.8385230426225
1537.7512802790964
1537.4615442345216
1536.4615192057365
1536.434834283576
1532.13152176959
1531.0718467792424
1530.706046241407
1527.0075310881737
1524.1420537469596
1521.734865211414
1517.102171905373
1517.102171905373
1516.9535259855525
1516.3897915773503
1516.1114734741639
1515.2191260672498
1514.0643975736302
1513.971267891171
1513.1982685689275
1512.9576993425824
1512.2681640502785
1511.7632089715637
1511.4172157283376
1511.028126806381
1509.9437075599872
1508.5834415106112
1508.5834415106112
1507.68265891732
1507.68265891732
1506.9193740874127
1506.8623029328194
1505.5829435803264
1505.2079590541634
1504.034906509819
1503.3735397432004
1501.2774560353591
1501.2774560353591
1500.1359938352257
1500.1359938352257
1499.0016677775911
1498.4261743576158
1497.9325752516365
1497.8764969115443
1497.076150367776
1496.637230593974
1496.1951744341377
1496.1600850176428
1495.6216099000442
1494.552775916595
1493.500920655893
1485.2110961072167
1485.2110961072167
1483.3364419443083
1482.9123372607028
1481.3375712510635
1480.6235173061382
1480.4614145596636
1480.3195600950492
1479.802689550198
1479.7574125511248
1479.2454157441218
1479.1889669680477
1478.4031926372454
1478.4031926372454
1477.291440440917
1477.291440440917
1476.8679697251207
1475.945459696936
1475.7777610466962
1474.357826309475
1474.357826309475
1474.357826309475
1473.7981544295678
1457.1557912591227
1457.1557912591227
1455.9622247846955
1453.0251202233221
1452.888846402229
1452.518158234175
1452.518158234175
1452.2248448501355
1451.928372888966
1449.3039708770552
1448.9613521415952
1448.9613521415952
1448.2126915615675
1447.1202437945508
1446.9346909933427
1445.4992217223778
1445.4992217223778
1445.4992217223778
1444.898266314968
1444.1485380666354
1444.009002742019
1441.0142261615601
1440.2270654310034
1440.2270654310034
1438.9589987209504
1437.8814276566757
1437.762845534687
1437.7249389226022
1437.1555239430422
1437.1555239430422
4736.163531805041
4664.237772669828
4596.06157487038
4479.271369318899
4437.656138098129
4364.065077424946
4319.120280797932
4226.433839538956
4169.061285229566
4061.8676738662966
4039.7983860583936
3977.8676448569777
3970.6471764688436
3900.1212801655283
3873.595229241176
3841.685046955307
3828.5286991218964
3809.5724169518026
3773.932034364159
3727.0670774752634
3685.6626269912445
3684.1467126052403
3642.955393633032
3613.5703950525167
3611.7926297061963
3559.0997457222243
3559.032312300634
3557.3231509099646
3529.5522378908063
3523.29348763341
3487.325766257004
3473.1661348112907
3452.8896594012385
3437.3865072173658
3406.1908343485397
3378.879991949995
3374.282145879328
3374.282145879328
3357.579038533568
3343.5374979204285
3270.783545268626
3245.361613133427
3230.897708068146
3209.382650915905
3124.0070422455838
3124.0070422455838
3100.0590316960097
3100.0590316960097
3094.2718044800135
3081.612564875734
3065.143716043344
3057.1463818404245
3027.7967236919985
3022.1105208115737
2994.3314779763446
2986.240613212539
2972.9877228135338
2968.602196320686
2948.9569342396303
2927.1303353284425
2917.7505033844136
2917.7505033844136
2897.8642135200193
2893.867654195679
2885.920996839657
2865.972086395818
2855.995973386517
2813.753542867605
2813.753542867605
2802.0167736828416
2771.9027760727827
2771.595388941178
2754.3033601983643
2754.3033601983643
2751.1966487330565
2735.310951244849
2731.195525772551
2731.195525772551
2714.3325146341226
2710.09962916495
2708.2485114922524
2688.2129751937437
2680.781602443586
2670.9947585122663
2663.928490031217
2656.054028064941
2652.3112562442593
2630.965032074733
2615.989105481902
2606.328068375123
2586.7599424763016
2586.7599424763016
2578.305839112187
2540.1661362989626
2539.9218491914276
2530.5082493443883
2502.3588871303014
2473.597380334965
2473.597380334965
2473.597380334965
2468.544307886735
2453.2987995757876
2422.194046727058
2405.7643276098347
2395.713672374059
2395.3772145530647
2392.7108057598602
2387.948910676273
2380.8895396468943
2378.6952305833547
2373.013906406787
2373.010324461316
2373.010324461316
2364.3468442679896
2307.23254137939
2307.23254137939
2302.3566187712972
2302.3566187712972
2291.7488954944433
2286.850891509982
2278.993418156358
2260.3174555800783
2213.161765438758
2208.2135313415683
2171.272898555131
2163.4673558896147
2160.819751853449
2139.198681749781
2133.3351822908653
2129.137618849472
2126.76820551747
2126.616326467941
2119.246800162737
2119.246800162737
2115.7020111537445
2110.1656333093856
2110.1656333093856
2102.1198824044263
2102.1198824044263
2094.5125924663234
2089.184051250631
2076.154618519536
2076.154618519536
2069.2025033814357
2064.971428373768
2054.8075335661
2045.8291717540837
2045.8291717540837
2041.265538826343
2027.7960942856164
2018.594808276292
1993.0697428840767
1993.0697428840767
1990.2977164233496
1988.6777013885383
1988.2899687922786
1982.102419149929
1981.4991799140366
1974.359389776846
1969.9951776590724
1962.5766227080155
1957.278467668819
1953.6404479842242
1953.6404479842242
1945.475006264537
1941.1002034928542
1941.1002034928542
1937.8132004917295
1930.7809300902059
1930.7809300902059
1930.7809300902059
1929.5001943508582
1927.0306172969852
1919.6684609588187
1919.6684609588187
1916.4584524585969
1912.8936196244683
1909.1393348836539
1895.5067923908898
1893.8682636339836
1889.4059913104966
1881.1685198301614
1881.1685198301614
1880.3018374718458
1878.9571575743817
1878.9571575743817
1877.8184150763886
1877.8184150763886
1871.247444888035
1869.2701784386334
1868.2336577633966
1865.8936196900402
1863.6842543735781
1857.610561985477
1856.5397921940698
1839.546955095194
1834.3481130908604
1827.1450407671528
1824.8383490051933
1824.0594836791918
1823.8711577301726
1821.878426240346
1821.878426240346
1817.858905415929
1817.5065336883936
1815.9350208639075
1813.6002867225181
1810.5021402914717
1810.1961219713182
1808.3995686794442
1807.5386579545125
1801.892893598285
1801.892893598285
1801.0288726169829
1799.2576246885826
1797.6270469705332
1794.2848157413582
1792.6923885597328
1792.6873681710372
1792.6873681710372
1792.0909575130388
1791.1602385046403
1788.1233178950495
1787.5561529641523
1784.9918767322165
1784.9918767322165
1783.4029269909815
1781.3946783349274
1779.7227312140506
1779.7227312140506
1778.824611927775
1777.3874085297218
1776.6769543166815
1775.3036360014587
1774.2046105226984
1773.1838596152402
1771.1380522138866
1770.5383362130287
1765.425161257197
1765.425161257197
1765.425161257197
1764.900280469126
1762.9702209623395
1762.4341122436322
1760.3763802096414
1760.2553791992798
1760.2553791992798
1758.9860715764637
1757.1180950636187
1755.5415118988215
1755.249554906652
1754.5782969135348
1753.0390754344296
1749.563945673321
1749.563945673321
1748.2579901147312
1746.7426828242333
1743.8056084323161
1743.8056084323161
1736.8554919739292
1734.5178004275424
1732.9699939698899
1732.9699939698899
1732.9699939698899
1732.9699939698899
1731.5608565684315
1728.0460063320074
1728.0460063320074
1725.8270481134546
1724.6240169961684
1724.6240169961684
1724.6240169961684
1723.683555644713
1722.5446293202392
1720.8712909453745
1720.8712909453745
1718.3233106723542
1717.8361388677326
1717.1010453668707
1712.8485046845212
1711.3047653764072
1705.8774868084754
1704.0551634263486
1702.1803664711915
1700.0297056228164
1700.0297056228164
1698.6265039731366
1697.0798449100737
1695.7776976950722
1695.0814139739718
1689.449318565076
1689.449318565076
1687.3864406234868
1685.5343366422412
1681.9720568428002
1681.9720568428002
1679.2492370103969
1679.2492370103969
1677.8483244918177
1674.4840996557716
1672.8134982716992
1672.8134982716992
1669.4708742592666
1669.4708742592666
1668.65364890381
1666.4294164470334
1666.4294164470334
1665.119815508782
1665.119815508782
1664.6035564061492
1652.0299634086543
1652.0299634086543
1646.8463802067272
1644.7382770520055
1644.619712881978
1640.5505173569024
1638.1138544069518
1638.1138544069518
1630.6688811650267
1625.653099526464
1623.235657567933
1622.274329452328
1621.7398065041136
1621.7398065041136
1621.2735734600747
1621.2735734600747
1617.734527047006
1617.734527047006
1617.7101100011707
1617.7101100011707
1616.7788964481197
1616.2072886854583
1615.0606799745947
1614.0585491239158
1612.6217783472973
1612.6217783472973
1611.2222068976084
1611.1803126900477
1608.8875038361134
1606.057284158943
1606.057284158943
1605.0940782396526
1604.494312859974
1604.494312859974
1603.2105289075419
1602.84964984243
1601.4053203358606
1599.5214909465892
1587.5777146332082
1587.5777146332082
1583.1759219998262
1583.1759219998262
1580.3452154513582
1579.56544657067
1579.56544657067
1578.8872663999796
1576.6293159776017
1575.6322540491483
1573.641636459839
1570.559454462008
1570.521887781256
1570.3951731968614
1569.3202350062272
1566.5851397227027
1563.2463017707735
1561.8773959565456
1561.7077191331289
1557.9611676803759
1556.4870702964415
1556.4870702964415
1556.4870702964415
1556.4870702964415
1556.1346342781526
1554.8951733155518
1554.5500956868518
1552.2667296569878
1551.9420092258601
1550.705645827086
1546.3851396078533
1545.4054484179871
1540.9250468468608
1540.9250468468608
1540.9250468468608
1538.7953080250797
1538.7953080250797
1537.1818369991236
1537.1818369991236
1537.0962884608107
1535.85415974304
1535.5709036055614
1535.1302876303366
1534.5869151012594
1533.7587815559525
1531.6918750192547
1531.5325657654166
1529.7748200307128
1529.0412028457572
1528.8041077914463
1517.8076294445223
1517.0751464578148
1516.9189167519799
1516.492004594815
1515.7381040272096
1515.210876412917
1514.7999867969368
1514.7999867969368
1514.4444525963968
1514.2057323890965
1512.2526243984503
1512.2526243984503
1509.6241254034064
1509.405180857678
1507.6014062078875
1505.6002125398363
1505.6002125398363
1503.8108258687328
1503.8108258687328
1503.8108258687328
1503.3269770745153
1503.3269770745153
1502.415721429991
1501.6407692920434
1501.6407692920434
1500.9493662345842
1500.9493662345842
1500.1016632215299
1498.409490092745
1497.6681875502331
1485.1784404575767
1485.1784404575767
1481.286602923283
1480.9004017826453
1479.846275800294
1479.460374596089
1479.460374596089
1476.8659383979304
1476.3305862847928
1475.191174051689
1475.191174051689
1474.9745760520755
1474.2747369469505
1473.9677744102821
1473.65022987139
1472.7406424757892
1472.6632337367562
1471.9898097473365
1471.9898097473365
1470.484613996352
1470.1496522463283
1469.8115525467883
1468.889376365695
1467.5908830460892
1467.5908830460892
1466.3792142553032
1466.3792142553032
1466.3792142553032
1466.3792142553032
1465.4071106692502
1464.6436426653413
1464.6323770830686
1463.8384473704741
1459.4868961385025
1459.4868961385025
1459.1374164210854
1453.3967111563175
1453.3967111563175
1452.5315831333926
1451.8109381045454
1450.8352766596213
1450.4423463205974
1449.4247134639315
1447.0839643918387
1447.0839643918387
1446.735635836762
1444.5120283334438
1444.5120283334438
1444.146806941732
1438.8530154258287
1438.8530154258287
1438.555873089398
1438.289956858491
1437.522173742026
1436.4835536823941
1436.4835536823941
1436.1535433232757
1435.5727080158636
1435.5727080158636
1435.0574901375903
1435.0574901375903
1434.7355156961858
1434.3357347566853
1433.864010288284
1430.886089107026
1430.886089107026
1428.2653815030314
1428.2653815030314
1426.7501533204754
1426.6653426785133
1423.9360940716406
1423.9360940716406
4680.038461380419
4539.14121833635
4401.947182781729
4166.863928663858
4166.863928663858
4140.991789414705
4110.853439372413
3948.0005065855803
3933.064835468645
3829.123528955419
3807.130678082905
3772.1800063093488
3717.591155573727
3627.882302390749
3618.516961408361
3618.516961408361
3618.516961408361
3591.1083247376428
3573.308410982741
3556.5213341128715
3535.3254447080258
3500.749919660072
3489.9755013466784
3476.436825256573
3426.202562604844
3426.202562604844
3383.0737503045953
3363.9997027348263
3363.9997027348263
3333.309616582294
3315.1274485304484
3300.5443490430484
3289.5165298262295
3275.7675436453055
3268.0540081216527
3257.666803096965
3227.0193677757807
3226.763703775038
3221.2930633520446
3163.6861411966897
3163.5786697978606
3150.787679295449
3120.9399225233415
3112.5658225971706
3097.5151331349457
3090.6659476559416
3072.8994451494827
3072.8994451494827
3064.398799112152
3032.10751788257
3032.10751788257
3004.2090473201097
2983.926440112088
2975.822743377031
2945.7389565268677
2880.2123185626438
2854.71119379877
2849.401691583691
2849.401691583691
2839.350453889058
2831.9323791361967
2806.3073602155555
2789.6150272035748
2783.40744412312
2772.194437625182
2747.2857514281254
2730.9998169168744
2697.5870699571497
2697.5870699571497
2691.852150471864
2678.567340949262
2675.113268629947
2672.8469840228413
2655.948041660454
2637.411989052905
2633.4519171612
2633.4519171612
2628.3295075009146
2610.0555549643
2592.375358623824
2586.5134834367286
2573.772134436147
2547.9562398126072
2501.1355421088238
2501.1355421088238
2501.1355421088238
2477.523965575308
2474.313642204642
2402.2449916692512
2359.479603641447
2334.131744353776
2334.117177864042
2322.1655841046304
2305.387169219088
2296.5920403937657
2274.8065851847714
2270.5937549460496
2260.8082625468264
2260.8082625468264
2260.8082625468264
2219.3217432359825
2219.3217432359825
2203.7413641350927
2201.559674412665
2193.7100993522367
2187.897621005151
2187.897621005151
2175.644732027727
2169.3114114852206
2166.6483332557686
2166.6483332557686
2156.529155842786
2156.529155842786
2132.491031634131
2132.491031634131
2131.5855600937066
2129.9122047633796
2118.9655495075895
2110.7865832433176
2103.2843364604796
2095.0346059194344
2095.0346059194344
2093.926694036828
2087.559579988078
2081.5246815735813
2076.5767503273264
2068.674454814
2067.7983460676237
2062.963887226337
2059.068721534082
2059.068721534082
1991.6073910286636
1991.6073910286636
1984.2698909170597
1976.0592096392254
1976.0592096392254
1965.272754606851
1962.6105064428857
1960.0068877429997
1956.129341326897
1956.129341326897
1952.346536862757
1950.0466661082755
1943.6748699306681
1935.720537680995
1933.5027799307659
1930.8632784327326
1927.8285712168497
1871.8811393889303
1871.8811393889303
1871.8811393889303
1865.9311348493009
1849.4829007049511
1843.2248913249844
1843.2248913249844
1843.2248913249844
1838.3506194412425
1829.4048212465168
1829.4048212465168
1829.4048212465168
1825.7428625082996
1825.7428625082996
1822.7100701976713
1816.8274546582568
1813.7954680724065
1805.4063254569594
1802.917912718158
1798.7023100001845
1793.3022611930205
1790.420620971508
1790.420620971508
1785.6987427894996
1781.8877630198822
1781.8877630198822
1778.2466083195548
1773.5664633726021
1773.5664633726021
1772.205405702172
1767.5952591020377
1764.6628573186438
1763.9895124404793
1763.9895124404793
1757.6393259141648
1757.6393259141648
1756.5634061997307
1753.9438417463657
1751.936642690026
1747.504220309639
1745.0157592411595
1741.3009504390675
1741.3009504390675
1734.5451853439852
1722.2862712104513
1722.2862712104513
1722.2862712104513
1706.8221934343367
1701.4867028572396
1701.0676059463362
1697.5974198849385
1697.5974198849385
1694.6008379556527
1694.4751399769782
1691.0455345732119
1691.0455345732119
1691.0455345732119
1688.6861756999137
1688.6861756999137
1687.0041493724905
1684.4758828787071
1681.6836801253678
1681.3143667975955
1676.643074718051
1676.6371104088087
1672.9432148163307
1672.9432148163307
1670.3544534020316
1669.268103091891
1668.0536562113343
1667.3994722321343
1666.0153060521384
1664.2370624403243
1659.903611659424
1659.903611659424
1658.5364029770344
1656.0582719216134
1656.0582719216134
1654.7981750050367
1653.80802997204
1653.0414392869889
1651.6918598818606
1651.6918598818606
1649.5717626099206
1649.422323118006
1644.808499491658
1642.4390399646497
1641.4965732525914
1639.133917652856
1632.7911685209472
1629.8993833976378
1626.6400954113974
1625.1218415860394
1625.1218415860394
1623.239045858619
1621.6914009761538
1617.8593882040552
1617.8593882040552
1617.7898503823048
1616.6019918334878
1614.7702622973957
1609.0444369252205
1608.8617094082388
1602.9812849812065
1602.7604312560252
1599.6809056808797
1597.1242907175383
1591.710714922784
1589.9380491075744
1579.1896656196811
1579.1896656196811
1574.3779724068804
1569.0098788726602
1561.838980176894
1561.838980176894
1558.767141044486
1558.767141044486
1557.359624492686
1557.359624492686
1556.7093498787756
1556.1339916601012
1554.3558151208495
1553.913446753068
1552.624552169648
1542.566368102196
1542.566368102196
1542.0165368763073
1539.2553394417705
1536.4371122828295
1532.7977687875202
1528.2745172252269
1525.8525485773519
1524.5192684908905
1523.3942365651776
1522.1540657896624
1520.5291841987118
1519.4518748548767
1519.0678062548754
1516.1292820864585
1514.9673263803415
1512.8043495442496
1512.5108264075336
1512.5108264075336
1511.6070918065977
1511.6070918065977
1511.3798331326245
1510.8457896158695
1510.8457896158695
1508.4356134750997
1508.4356134750997
1507.6329128803204
1504.9847175303807
1503.428082749554
1503.428082749554
1503.428082749554
1501.4852646629604
1500.4599294882887
1498.0947900583594
1495.5052657881215
1495.5052657881215
1495.5052657881215
1495.3618291236405
1493.376375867785
1493.376375867785
1491.0932231084682
1491.0932231084682
1490.8551237461004
1489.9184541443872
1488.3964525622869
1487.0662392778609
1483.6148422013039
1482.3356569954053
1476.3505681239806
1471.396955277535
1471.396955277535
1468.292545782345
1468.2462327552555
1461.1666571613246
1459.4872387246146
1458.519454789685
1457.1019181924098
1457.1019181924098
1456.298389753968
1454.7212791459401
1454.5861954521636
1452.7935159546935
1445.3840320136376
1443.885036974897
1443.277866524669
1439.2866288547254
1439.2866288547254
1436.1712989751607
1433.2714327718948
1433.2714327718948
1432.364129682114
1431.2931216211443
1431.1582721697835
1429.2344104449767
1429.0388378207222
1425.418184253309
1425.418184253309
1422.6338249880043
1422.6338249880043
1422.6338249880043
1421.7985089315575
1420.9817029082394
1418.6726190351317
1418.119176938243
1416.8433223190207
1412.9624906557144
1410.483605009289
1410.483605009289
1409.6854259018216
1409.4059032088662
1407.296699349501
1404.7117141961905
1404.0174500340086
1404.0174500340086
1403.542660555781
1400.0846402985785
1397.8662310822162
1395.4296829292402
1395.4296829292402
1392.6036765713352
1392.6036765713352
1390.6710610349235
1389.8794911790014
1386.4476189167767
1386.4285051887819
1386.4285051887819
1386.0901846561067
1384.58694201556
1384.58694201556
1383.5129200697766
1383.1529199622144
1383.0535058341018
1381.7666228419328
1380.9420697480398
1380.9420697480398
1379.0659882688717
1378.9180541279457
1378.2231314268383
1377.0185183939975
1371.3354804715
1370.9569650430315
1369.3830727740137
1368.3051560233193
1367.8775529995366
1367.6841740694376
1366.3952576030115
1365.3193765562694
1365.3193765562694
1365.0304025918251
1363.6619815775462
1363.5021085425574
1362.252546336398
1361.376141997501
1360.7009223190819
1359.2946700403118
1358.5834534543692
1354.5899748632426
1353.5800678201492
1352.1205567552029
1351.6989309753856
1351.4740101089624
1350.6187470933462
1350.2118352317905
1348.4598622131844
1348.063796709933
1348.063796709933
1345.838400403258
1345.649657228805
1344.4671807076586
1344.2596475383764
1344.2332386903695
1337.6038277457194
1336.4258303400156
1336.4258303400156
1336.4179735397156
1335.161038976198
1334.6036864927355
1334.490164819509
1334.490164819509
1333.6708739415433
1333.6708739415433
1333.3409166451017
1331.7837662323416
1331.7004167604664
1331.7004167604664
1330.3563432404117
1329.9462395149662
1328.9153471910843
1328.1170882117285
1327.6690099569244
1327.5093220011677
1327.3963236351078
1327.0079125611874
1326.683458855201
1324.6410834637434
1324.6161708208156
1323.3121324918018
1323.185550102479
1322.7418493417376
1322.7418493417376
1322.0158849272575
1322.0158849272575
1321.4904464278204
1320.4540885619613
1320.4540885619613
1316.9024261500927
1316.9024261500927
1316.8614201957623
1315.7397159012871
1315.7397159012871
1315.387775524769
1311.7644605644718
1311.7515008567743
1311.6398133634095
1309.977862408369
1309.9538159797848
1309.1455228506875
1308.8487307553917
1307.5155830811348
1306.259545419669
1306.259545419669
1306.259545419669
1305.7706536754454
1305.7461468447839
1305.3509106749802
1305.3509106749802
1305.2222033048627
1304.9888888415871
1304.4753734739495
1302.1497609722162
1302.1497609722162
1302.1021465307551
1301.7031151533747
1301.6447287950734
1300.8574095572505
1299.8676855741894
1299.8676855741894
1299.7099676466285
1299.1935960433302
1299.176277492781
1298.8868310980754
1298.7409287459914
1298.4178834258253
1298.4178834258253
1297.792356272759
1297.7892741119415
1296.516872238846
1293.8280411244764
4829.5782424555455
4750.952430829002
4632.907402484967
4493.227236630705
4293.239452907326
4247.6940803216985
4138.486317483725
4138.486317483725
4138.486317483725
4115.626683750605
4041.8999245404384
4040.4694034233203
3963.8376606516063
3919.2500558142497
3871.9590648662597
3871.9590648662597
3848.4013564076186
3823.834855220607
3821.8182845342085
3782.294145092367
3779.7107032152608
3741.829899928643
3741.829899928643
3738.432158004208
3727.094713043928
3720.4494352161273
3704.350415389991
3672.390365960569
3672.390365960569
3667.7155015077165
3652.4476724519955
3642.4741591396364
3634.340242740077
3617.672456151883
3594.0069560311094
3594.0069560311094
3581.173131810301
3567.645161727831
3555.861639602981
3498.434649954176
3477.8842706450137
3477.8842706450137
3468.4425899818493
3457.5115328802594
3449.8784036542506
3445.0214803394188
3436.4848319176385
3420.7389552551363
3419.620739204861
3413.6106983661743
3404.2120968000804
3391.048215522746
3377.4262390169233
3374.8391072760787
3360.6070880125217
3351.298255900241
3346.1690035023635
3331.9968487380056
3314.4557622632406
3314.4557622632406
3314.4557622632406
3305.9712642429304
3298.073073781113
3292.854536720382
3287.570379474788
3236.2981939246574
3220.820081904607
3206.4176271970564
3206.4176271970564
3183.252581872824
3158.92924897029
3120.0258011753685
3099.2762058261283
3090.1941686567206
3090.1941686567206
3090.1941686567206
3085.2390507057958
3080.1254844567616
3079.429979720273
3074.890729765856
3073.360213186863
3065.0112560967864
3043.788264646541
3042.4940427221873
3034.1748466428235
3034.1748466428235
3026.555633058808
3025.5467274527427
3022.8906695413248
3010.659064058898
2996.6743233124284
2995.273443276924
2978.7415127869017
2978.7415127869017
2974.112977006758
2963.633918013492
2962.6780115294337
2951.6215882121473
2951.6215882121473
2913.7010828154625
2913.7010828154625
2910.2700905586066
2906.296096408623
2899.5339280649914
2898.600006899883
2897.4873597653536
2884.8183651661675
2883.3168400298987
2875.5658573574697
2874.606929651426
2872.731626866666
2872.731626866666
2838.082627408864
2837.6021567513653
2833.31113716796
2830.187979622555
2830.187979622555
2829.161183107106
2781.038834680307
2781.038834680307
2763.679250564363
2750.7080906559313
2748.7036944712686
2695.0588119742397
2695.0588119742397
2684.4496642701274
2680.432614336723
2680.393627809169
2674.6938142523904
2665.1694130017327
2661.2964885559068
2640.8127536802
2639.2013943615593
2624.1796813480587
2607.056002467151
2603.8085567107273
2591.5763542678037
2579.5805860643313
2579.5805860643313
2538.4337690788784
2535.0526621748904
2535.0526621748904
2532.7569958446466
2448.813590292246
2448.813590292246
2448.813590292246
2447.317919682688
2433.579462437995
2433.579462437995
2432.6639718629453
2432.6639718629453
2432.5813449913653
2431.5896035309906
2393.7067489565216
2390.6304607780767
2385.038364471314
2355.4988855866604
2355.1428831389403
2352.405789824536
2327.630769688354
2326.1235994675776
2326.1235994675776
2323.8181942656356
2322.54946126019
2316.143993796586
2316.143993796586
2314.531918120811
2313.190653621097
2313.190653621097
2302.4893050783103
2298.8851645960917
2288.361859496876
2251.9225119883677
2251.9225119883677
2249.625746652096
2202.8649527376842
2196.011611991157
2196.011611991157
2195.2437222322264
2181.173078872926
2178.9706285308207
2178.9706285308207
2176.4964966661446
2161.4428051651053
2155.89169486781
2149.87604293829
2145.3193235506924
2138.584812440227
2138.2670553511316
2136.0753732019853
2134.8845402035213
2134.2942627482275
2132.853018845884
2086.1351825804577
2081.3901604456573
2073.4230152093905
2062.842698801826
2062.842698801826
2062.2676838858724
2062.2676838858724
2061.9175541228606
2060.3494849175468
2060.148295633108
2057.9941690879496
2049.0143972163787
2045.585979615621
2015.426257643777
2013.5190587625436
2011.2752173683243
2010.9147172369096
2009.316052790103
2007.1776204412006
2005.0785520772
1993.4964258809193
1992.6309241803913
1983.1432121760647
1983.1432121760647
1982.51204283858
1982.3856839676785
1978.518385054837
1978.518385054837
1976.9342427101615
1971.7644382633541
1970.6729814964226
1969.4291050961951
1968.232455783615
1965.9671919948207
1965.4566899323934
1963.9083481669911
1959.1829929845758
1959.1829929845758
1958.0824803873813
1955.6459290986188
1955.4996803886213
1940.843888621648
1937.9994840040592
1937.8679005546276
1937.8679005546276
1934.969767205679
1934.161833973569
1932.8150454712422
1929.7315875530462
1893.6298476735099
1893.6113645624332
1884.5349558976081
1884.5349558976081
1884.5349558976081
1882.6250290485357
1881.8849592894885
1881.8849592894885
1881.8849592894885
1881.2915776136351
1877.3848832884535
1876.7756925109618
1876.6182350174477
1876.4746201321243
1875.0005333332574
1873.5970751471618
1872.0790581596707
1872.0790581596707
1872.0790581596707
1868.872922378619
1867.9930406722613
1866.92019111691
1865.8167112554224
1862.6883797350538
1861.52759850613
1860.4889142373302
1856.1279589511064
1854.4640735263652
1854.4640735263652
1853.3256594565348
1850.191611698637
1850.1667492418082
1848.429062744903
1848.429062744903
1848.075485471305
1845.4194645120658
1844.1136082139842
1844.1136082139842
1843.6157408744373
1837.7951463642514
1834.7122390173342
1833.710991405134
1831.974344798529
1831.3631535006923
1828.4397720461016
1825.7691529873102
1818.3693244222968
1817.223156356973
1813.4602284031487
1812.8483113597783
1812.8483113597783
1812.5534474878252
1811.285455139526
1811.285455139526
1810.7153282611819
1800.2830333033749
1797.6281595480195
1797.6281595480195
1794.8286826324122
1791.8484868983762
1782.8457588922267
1782.7750839632015
1779.892693394745
1779.892693394745
1777.1299896180922
1777.1299896180922
1776.850584601868
1776.5331406984785
1774.4988024791676
1774.4973936300948
1769.7073204346532
1767.2433335565308
1764.5237317758013
1761.8359742041823
1760.9429292285427
1760.9429292285427
1757.8159744410107
1755.9066034388047
1753.3222749968131
1753.3222749968131
1753.3222749968131
1753.3222749968131
1753.3222749968131
1752.873925871453
1750.804386560646
1749.6811138033124
1746.3272889123618
1744.5495120517503
1743.4982076274125
1743.0533554656324
1741.6698883542772
1741.1117138196503
1739.256737804974
1735.2288033570674
1734.831980337001
1734.6002421307337
1733.8200598678054
1733.8200598678054
1732.593720408798
1732.0178982908924
1731.4661417423097
1730.1436356557222
1730.1141580832173
1730.0479762133766
1729.0809697639957
1729.0809697639957
1728.6133170839566
1728.049189114708
1727.4249621908327
1726.8700008975777
1725.962919648044
1725.3518481747426
1712.5983183455483
1712.0954996728424
1711.0955554848479
1709.8573039876749
1708.9370965603152
1708.7217444628016
1706.5506145438524
1705.9211587878262
1700.7280793824743
1700.2473349486538
1698.9729250344162
1697.6077285403717
1696.0907994562083
1695.4406506864225
1694.0852989150221
1694.0852989150221
1693.510555030585
1691.6146133206582
1690.3061852812348
1690.1508808387493
1687.0403077579385
1682.4663443884992
1682.4663443884992
1681.255185865608
1678.8177387673743
1676.0545933829244
1676.0545933829244
1676.0545933829244
1675.4781407108837
1674.7626697535386
1674.6307055586913
1673.776866849342
1673.7676063301021
1672.1871904783866
1671.7143894816484
1670.7351675235666
1670.2215421913345
1670.1101760063616
1666.945709973783
1665.638616267046
1665.638616267046
1665.638616267046
1664.569313666451
1664.5630057165154
1664.1943997021501
1664.1745701698485
1664.1745701698485
1664.0162258824282
1662.713745657983
1662.713745657983
1662.1245440700284
1661.1098699363627
1654.5800071317192
1651.9479410683618
1651.6528085526934
1650.1187836031684
1648.7819746709993
1648.7819746709993
1648.7819746709993
1648.3306707090055
1648.2123649578655
1647.2701660626285
1646.8138935532454
1645.5208901742938
1645.4798692174875
1643.8993278178564
1643.5023577713541
1643.4521593280408
1642.3044784692026
1642.253634491335
1640.6029379469
1640.6029379469
1640.0570112041837
1639.2376276794039
1638.632356570564
1638.0906568319106
1637.1615680805605
1637.1615680805605
1636.985033529629
1635.4610970610092
1628.9023911824797
1628.9023911824797
1625.4990003072903
1624.5045398520745
1623.9615143223068
1622.9710410232217
1622.2604599755243
1620.5036254201964
1620.1286985915656
1620.1286985915656
1620.1286985915656
1618.6806355794834
1618.6806355794834
1618.3120836229334
1616.1689268142734
1615.9647273378216
1614.903402683888
1614.239139656823
1613.1273973248362
1612.8471719291942
1612.3423953986944
1605.5114449919067
1605.3535436158604
1604.6862621708956
1603.3028410128886
1600.7794976198315
1600.7794976198315
1600.169366035983
1600.0468743133747
1599.3873827187708
1599.3873827187708
1599.3770662354766
1598.8211282066547
1598.0522519617437
1597.8250842942728
1597.159666407839
1596.6524355663632
1596.4416682108995
1595.356073107192
1595.356073107192
1594.9065803362905
1594.0834357084325
1594.0834357084325
1593.3078798524784
1593.3078798524784
1592.8983018385072
1592.385945680255
1592.102383642459
1592.102383642459
1571.9532435794647
1571.9532435794647
1567.413155489005
1566.0881201260675
1565.2316122542377
1564.7370386106415
1564.7370386106415
1564.4657234979616
1564.4657234979616
1564.4657234979616
1563.9526847062862
1563.6160014530421
1563.330099499143
1554.8414710188304
1554.2683166043114
1552.8299971342644
1552.8000515198344
